1960 1 1 0.476294
1960 1 2 -0.00535243
1960 1 3 -0.474836
1960 1 4 -0.539451
1960 1 5 0.153535
1960 1 6 0.210588
1960 1 7 -0.716292
1960 1 8 -1.2862
1960 1 9 -1.13545
1960 1 10 -1.59333
1960 1 11 -1.77767
1960 1 12 -2.20176
1960 1 13 -2.27177
1960 1 14 -2.37698
1960 1 15 -2.32245
1960 1 16 -2.49771
1960 1 17 -2.07923
1960 1 18 -1.64924
1960 1 19 -1.39024
1960 1 20 -1.09654
1960 1 21 -1.25758
1960 1 22 -1.04446
1960 1 23 -0.72693
1960 1 24 -0.681829
1960 1 25 -1.00584
1960 1 26 -1.60348
1960 1 27 -2.10671
1960 1 28 -2.0147
1960 1 29 -1.22456
1960 1 30 -0.947464
1960 1 31 -0.837255
1961 1 1 -1.24526
1961 1 2 -1.33649
1961 1 3 -1.60425
1961 1 4 -1.74932
1961 1 5 -1.59165
1961 1 6 -1.43227
1961 1 7 -1.20457
1961 1 8 -1.30142
1961 1 9 -1.70133
1961 1 10 -2.06619
1961 1 11 -1.27904
1961 1 12 -0.440615
1961 1 13 -0.725339
1961 1 14 -1.04897
1961 1 15 -1.02135
1961 1 16 -0.847263
1961 1 17 -0.123872
1961 1 18 0.288131
1961 1 19 -0.109045
1961 1 20 -0.500541
1961 1 21 -1.43479
1961 1 22 -1.49487
1961 1 23 -1.34907
1961 1 24 -1.40714
1961 1 25 -1.62051
1961 1 26 -1.46706
1961 1 27 -1.06678
1961 1 28 -0.814757
1961 1 29 -0.203621
1961 1 30 0.22569
1961 1 31 0.654846
1962 1 1 1.27824
1962 1 2 1.36855
1962 1 3 1.10826
1962 1 4 1.49974
1962 1 5 1.80728
1962 1 6 1.887
1962 1 7 1.81096
1962 1 8 1.20839
1962 1 9 1.22619
1962 1 10 1.54194
1962 1 11 1.28774
1962 1 12 0.921174
1962 1 13 0.683288
1962 1 14 1.01064
1962 1 15 1.20873
1962 1 16 0.771107
1962 1 17 1.08896
1962 1 18 1.70162
1962 1 19 1.71808
1962 1 20 1.71582
1962 1 21 1.46349
1962 1 22 1.14254
1962 1 23 0.66831
1962 1 24 0.402799
1962 1 25 0.446466
1962 1 26 -0.0234008
1962 1 27 -0.763723
1962 1 28 -0.372209
1962 1 29 0.726341
1962 1 30 1.59931
1962 1 31 2.30728
1963 1 1 -2.49903
1963 1 2 -2.40912
1963 1 3 -2.5838
1963 1 4 -2.21048
1963 1 5 -1.21268
1963 1 6 -1.03852
1963 1 7 -1.2492
1963 1 8 -1.94969
1963 1 9 -2.59893
1963 1 10 -2.95907
1963 1 11 -2.77869
1963 1 12 -2.794
1963 1 13 -2.76771
1963 1 14 -2.56327
1963 1 15 -1.71207
1963 1 16 -1.72994
1963 1 17 -2.12432
1963 1 18 -2.31202
1963 1 19 -2.57736
1963 1 20 -3.27038
1963 1 21 -3.47932
1963 1 22 -2.3933
1963 1 23 -0.973089
1963 1 24 -0.638775
1963 1 25 -0.375594
1963 1 26 -0.156062
1963 1 27 -1.07372
1963 1 28 -1.24747
1963 1 29 -1.33174
1963 1 30 -1.62347
1963 1 31 -2.05675
1964 1 1 1.62861
1964 1 2 1.69313
1964 1 3 1.89362
1964 1 4 1.8071
1964 1 5 1.65153
1964 1 6 1.47093
1964 1 7 1.55069
1964 1 8 1.535
1964 1 9 1.06624
1964 1 10 -0.126076
1964 1 11 -0.901055
1964 1 12 -1.19449
1964 1 13 -1.3351
1964 1 14 -1.51407
1964 1 15 -1.42274
1964 1 16 -0.612709
1964 1 17 0.140754
1964 1 18 0.356416
1964 1 19 0.551601
1964 1 20 0.881323
1964 1 21 0.243586
1964 1 22 -0.748054
1964 1 23 -0.592922
1964 1 24 -0.607754
1964 1 25 -0.921075
1964 1 26 -0.463659
1964 1 27 0.158149
1964 1 28 1.06648
1964 1 29 1.8366
1964 1 30 1.84849
1964 1 31 1.7316
1965 1 1 -1.24473
1965 1 2 -1.73687
1965 1 3 -2.19796
1965 1 4 -2.35926
1965 1 5 -1.56995
1965 1 6 -0.348864
1965 1 7 0.0421232
1965 1 8 -0.416441
1965 1 9 -0.554287
1965 1 10 -0.150095
1965 1 11 0.197597
1965 1 12 0.420264
1965 1 13 1.1596
1965 1 14 1.74896
1965 1 15 1.95836
1965 1 16 2.31145
1965 1 17 2.26892
1965 1 18 1.52611
1965 1 19 1.01142
1965 1 20 0.0925456
1965 1 21 -0.525034
1965 1 22 -1.17343
1965 1 23 -1.57688
1965 1 24 -1.77049
1965 1 25 -2.14639
1965 1 26 -2.29678
1965 1 27 -1.87275
1965 1 28 -1.4313
1965 1 29 -1.37236
1965 1 30 -1.59288
1965 1 31 -1.44846
1966 1 1 0.443862
1966 1 2 0.358259
1966 1 3 0.439832
1966 1 4 0.494905
1966 1 5 0.659855
1966 1 6 1.03283
1966 1 7 0.801956
1966 1 8 0.1185
1966 1 9 -0.928708
1966 1 10 -1.73767
1966 1 11 -2.22689
1966 1 12 -2.6372
1966 1 13 -2.98992
1966 1 14 -3.06133
1966 1 15 -3.1528
1966 1 16 -3.10008
1966 1 17 -3.13956
1966 1 18 -2.86626
1966 1 19 -2.1387
1966 1 20 -1.24293
1966 1 21 -1.02765
1966 1 22 -1.01185
1966 1 23 -1.51609
1966 1 24 -2.26392
1966 1 25 -2.50001
1966 1 26 -2.56876
1966 1 27 -3.10792
1966 1 28 -3.2419
1966 1 29 -2.63402
1966 1 30 -2.07142
1966 1 31 -2.19047
1967 1 1 -0.581606
1967 1 2 -0.852741
1967 1 3 -1.10825
1967 1 4 -1.36007
1967 1 5 -1.3612
1967 1 6 -1.29503
1967 1 7 -1.20503
1967 1 8 -0.937763
1967 1 9 -0.75945
1967 1 10 -0.721114
1967 1 11 -0.571433
1967 1 12 -0.2947
1967 1 13 -0.433066
1967 1 14 -0.752103
1967 1 15 -0.439213
1967 1 16 1.56698e-05
1967 1 17 -0.101395
1967 1 18 -0.1061
1967 1 19 0.260028
1967 1 20 0.65791
1967 1 21 0.554318
1967 1 22 0.117995
1967 1 23 -0.128721
1967 1 24 -0.391696
1967 1 25 -0.789479
1967 1 26 -1.40044
1967 1 27 -2.0683
1967 1 28 -2.20017
1967 1 29 -1.86429
1967 1 30 -1.69811
1967 1 31 -1.09228
1968 1 1 0.141463
1968 1 2 -0.285119
1968 1 3 -0.263158
1968 1 4 -0.189512
1968 1 5 -0.075762
1968 1 6 -0.161535
1968 1 7 -0.517095
1968 1 8 -1.07319
1968 1 9 -1.70343
1968 1 10 -1.61296
1968 1 11 -1.31939
1968 1 12 -1.1656
1968 1 13 -0.476027
1968 1 14 0.0601321
1968 1 15 0.0622627
1968 1 16 -0.330298
1968 1 17 -0.100768
1968 1 18 0.179293
1968 1 19 0.512461
1968 1 20 0.532727
1968 1 21 0.294877
1968 1 22 0.107329
1968 1 23 0.306149
1968 1 24 0.552258
1968 1 25 -0.103093
1968 1 26 -0.0859764
1968 1 27 -0.259569
1968 1 28 -0.116197
1968 1 29 -0.169478
1968 1 30 -0.569485
1968 1 31 -0.691655
1969 1 1 -1.44523
1969 1 2 -1.96487
1969 1 3 -2.22555
1969 1 4 -2.18931
1969 1 5 -1.99179
1969 1 6 -1.45995
1969 1 7 -1.28484
1969 1 8 -2.1025
1969 1 9 -3.15778
1969 1 10 -3.63781
1969 1 11 -3.51838
1969 1 12 -3.27663
1969 1 13 -3.49145
1969 1 14 -3.53264
1969 1 15 -3.29081
1969 1 16 -3.14428
1969 1 17 -2.86253
1969 1 18 -2.7436
1969 1 19 -2.88803
1969 1 20 -2.86511
1969 1 21 -2.19194
1969 1 22 -1.72016
1969 1 23 -1.54422
1969 1 24 -1.38855
1969 1 25 -0.996562
1969 1 26 -0.682064
1969 1 27 -0.545553
1969 1 28 0.0339378
1969 1 29 0.606957
1969 1 30 0.79078
1969 1 31 0.967239
1970 1 1 -1.37566
1970 1 2 -1.61974
1970 1 3 -2.03814
1970 1 4 -2.54997
1970 1 5 -2.33948
1970 1 6 -2.38293
1970 1 7 -2.6352
1970 1 8 -2.9893
1970 1 9 -2.86985
1970 1 10 -2.81035
1970 1 11 -3.02167
1970 1 12 -3.4054
1970 1 13 -3.29583
1970 1 14 -2.77679
1970 1 15 -2.40244
1970 1 16 -2.15676
1970 1 17 -1.67902
1970 1 18 -1.4448
1970 1 19 -0.822993
1970 1 20 0.0763203
1970 1 21 0.340134
1970 1 22 -0.0617334
1970 1 23 -0.452453
1970 1 24 -0.421082
1970 1 25 -0.198933
1970 1 26 -0.348028
1970 1 27 -0.708208
1970 1 28 -0.630989
1970 1 29 -0.275836
1970 1 30 -0.350171
1970 1 31 -0.3602
1971 1 1 -1.20998
1971 1 2 -1.28062
1971 1 3 -0.941926
1971 1 4 -0.325977
1971 1 5 0.0514979
1971 1 6 0.519976
1971 1 7 1.19348
1971 1 8 1.24068
1971 1 9 1.0512
1971 1 10 0.969287
1971 1 11 -0.261601
1971 1 12 -1.5475
1971 1 13 -1.94198
1971 1 14 -1.94258
1971 1 15 -1.38918
1971 1 16 -0.520614
1971 1 17 -0.423348
1971 1 18 -0.00260402
1971 1 19 0.622096
1971 1 20 0.659532
1971 1 21 0.115205
1971 1 22 -0.241576
1971 1 23 -0.467543
1971 1 24 -0.7101
1971 1 25 -0.69761
1971 1 26 -0.621955
1971 1 27 -0.701491
1971 1 28 -1.09992
1971 1 29 -0.99445
1971 1 30 -1.03763
1971 1 31 -1.36347
1972 1 1 0.0926219
1972 1 2 -0.980511
1972 1 3 -1.04627
1972 1 4 -0.52379
1972 1 5 0.0640081
1972 1 6 0.512334
1972 1 7 0.285887
1972 1 8 0.026686
1972 1 9 0.0373601
1972 1 10 -0.442804
1972 1 11 -0.463317
1972 1 12 -0.663353
1972 1 13 -1.12584
1972 1 14 -1.26228
1972 1 15 -0.0420046
1972 1 16 0.540149
1972 1 17 -0.160594
1972 1 18 -0.115763
1972 1 19 0.26252
1972 1 20 0.289732
1972 1 21 0.660464
1972 1 22 0.970957
1972 1 23 0.668106
1972 1 24 0.304878
1972 1 25 0.482019
1972 1 26 0.417128
1972 1 27 0.327672
1972 1 28 0.694923
1972 1 29 0.933295
1972 1 30 0.376871
1972 1 31 -0.517972
1973 1 1 1.88158
1973 1 2 2.29786
1973 1 3 2.59427
1973 1 4 2.21574
1973 1 5 1.70199
1973 1 6 1.3419
1973 1 7 0.574194
1973 1 8 0.392909
1973 1 9 0.665554
1973 1 10 0.540808
1973 1 11 0.49742
1973 1 12 1.04561
1973 1 13 0.903812
1973 1 14 0.793801
1973 1 15 0.723611
1973 1 16 0.455399
1973 1 17 0.424664
1973 1 18 0.211649
1973 1 19 0.310576
1973 1 20 0.108928
1973 1 21 0.163675
1973 1 22 0.163275
1973 1 23 0.328142
1973 1 24 1.02733
1973 1 25 1.48608
1973 1 26 1.08435
1973 1 27 0.345565
1973 1 28 0.614633
1973 1 29 1.39213
1973 1 30 1.61961
1973 1 31 1.6673
1974 1 1 1.27452
1974 1 2 0.832211
1974 1 3 0.682006
1974 1 4 0.172218
1974 1 5 0.254335
1974 1 6 0.499522
1974 1 7 0.4232
1974 1 8 0.341026
1974 1 9 -0.0123699
1974 1 10 -0.413778
1974 1 11 -0.864708
1974 1 12 -1.01392
1974 1 13 -0.6021
1974 1 14 -0.160152
1974 1 15 0.128532
1974 1 16 0.0513319
1974 1 17 -0.0855339
1974 1 18 -0.112728
1974 1 19 -0.0154324
1974 1 20 -0.1244
1974 1 21 0.0739144
1974 1 22 0.440563
1974 1 23 0.906548
1974 1 24 0.933608
1974 1 25 0.575382
1974 1 26 0.223947
1974 1 27 -0.313519
1974 1 28 -0.851658
1974 1 29 -1.02838
1974 1 30 -1.30284
1974 1 31 -1.18335
1975 1 1 2.1665
1975 1 2 2.1582
1975 1 3 2.08256
1975 1 4 1.72345
1975 1 5 1.45606
1975 1 6 0.99814
1975 1 7 0.218638
1975 1 8 -0.240922
1975 1 9 -0.12196
1975 1 10 -0.520547
1975 1 11 -1.0782
1975 1 12 -0.756824
1975 1 13 -0.749646
1975 1 14 -0.493313
1975 1 15 0.0305458
1975 1 16 0.215291
1975 1 17 0.632844
1975 1 18 0.340791
1975 1 19 0.373183
1975 1 20 0.836465
1975 1 21 1.47474
1975 1 22 2.03795
1975 1 23 1.966
1975 1 24 1.60972
1975 1 25 1.25957
1975 1 26 0.876154
1975 1 27 0.543014
1975 1 28 0.4089
1975 1 29 0.0377472
1975 1 30 -0.514768
1975 1 31 -0.382531
1976 1 1 0.051523
1976 1 2 -0.506828
1976 1 3 -0.532252
1976 1 4 -0.781889
1976 1 5 -0.296536
1976 1 6 0.437031
1976 1 7 1.29662
1976 1 8 1.78007
1976 1 9 2.37416
1976 1 10 2.65115
1976 1 11 2.02889
1976 1 12 0.940111
1976 1 13 -0.497661
1976 1 14 -1.11592
1976 1 15 -1.50302
1976 1 16 -1.33604
1976 1 17 -0.672761
1976 1 18 0.0668623
1976 1 19 1.25738
1976 1 20 1.64123
1976 1 21 0.583912
1976 1 22 -0.48547
1976 1 23 -1.66549
1976 1 24 -2.57566
1976 1 25 -1.98921
1976 1 26 -1.11783
1976 1 27 -0.888208
1976 1 28 -0.478757
1976 1 29 -0.740303
1976 1 30 -0.949414
1976 1 31 -0.536008
1977 1 1 -1.28903
1977 1 2 -0.561415
1977 1 3 0.283549
1977 1 4 0.9014
1977 1 5 1.53718
1977 1 6 0.802301
1977 1 7 -0.362325
1977 1 8 -1.56889
1977 1 9 -2.86097
1977 1 10 -3.57515
1977 1 11 -4.13677
1977 1 12 -4.37777
1977 1 13 -5.03454
1977 1 14 -5.35949
1977 1 15 -5.49608
1977 1 16 -5.57899
1977 1 17 -4.60903
1977 1 18 -3.12686
1977 1 19 -2.58726
1977 1 20 -2.7635
1977 1 21 -2.66794
1977 1 22 -2.10539
1977 1 23 -1.96394
1977 1 24 -1.98119
1977 1 25 -2.07144
1977 1 26 -2.66047
1977 1 27 -3.59629
1977 1 28 -3.66414
1977 1 29 -3.42063
1977 1 30 -3.43218
1977 1 31 -3.19778
1978 1 1 0.585876
1978 1 2 0.188217
1978 1 3 -0.354093
1978 1 4 -0.0883569
1978 1 5 0.771345
1978 1 6 0.981395
1978 1 7 0.983522
1978 1 8 1.17493
1978 1 9 1.06269
1978 1 10 0.474129
1978 1 11 0.0108694
1978 1 12 0.454848
1978 1 13 0.58964
1978 1 14 0.515206
1978 1 15 0.180211
1978 1 16 -0.0653247
1978 1 17 0.543942
1978 1 18 0.804165
1978 1 19 0.39977
1978 1 20 0.0244327
1978 1 21 -0.226436
1978 1 22 -0.553872
1978 1 23 -0.781163
1978 1 24 -1.16054
1978 1 25 -0.967283
1978 1 26 -0.893236
1978 1 27 -1.39954
1978 1 28 -1.30104
1978 1 29 -1.10426
1978 1 30 -1.1434
1978 1 31 -1.33222
1979 1 1 -0.243426
1979 1 2 -0.269086
1979 1 3 -0.501897
1979 1 4 -0.118167
1979 1 5 0.871553
1979 1 6 1.06661
1979 1 7 0.646096
1979 1 8 -0.166287
1979 1 9 -0.806824
1979 1 10 -1.52957
1979 1 11 -1.83851
1979 1 12 -1.95028
1979 1 13 -1.82841
1979 1 14 -1.71684
1979 1 15 -1.29657
1979 1 16 -0.67464
1979 1 17 -0.64427
1979 1 18 -1.05529
1979 1 19 -1.53995
1979 1 20 -2.36125
1979 1 21 -2.75813
1979 1 22 -2.51459
1979 1 23 -2.1666
1979 1 24 -2.78403
1979 1 25 -3.07042
1979 1 26 -2.80198
1979 1 27 -2.76824
1979 1 28 -2.02135
1979 1 29 -1.4645
1979 1 30 -1.51775
1979 1 31 -1.40467
1980 1 1 -1.91252
1980 1 2 -1.39229
1980 1 3 -0.699638
1980 1 4 -0.805465
1980 1 5 -0.881731
1980 1 6 -0.672522
1980 1 7 -0.449414
1980 1 8 0.055624
1980 1 9 -0.229421
1980 1 10 -0.761839
1980 1 11 -1.54461
1980 1 12 -1.53048
1980 1 13 -1.29593
1980 1 14 -1.19615
1980 1 15 -0.818636
1980 1 16 -0.427566
1980 1 17 0.017604
1980 1 18 -0.439707
1980 1 19 -0.832925
1980 1 20 -0.986528
1980 1 21 -1.72545
1980 1 22 -2.01648
1980 1 23 -1.86971
1980 1 24 -2.17868
1980 1 25 -2.27293
1980 1 26 -2.22029
1980 1 27 -2.08583
1980 1 28 -1.86484
1980 1 29 -1.8763
1980 1 30 -2.08391
1980 1 31 -2.34981
1981 1 1 -0.235434
1981 1 2 -0.369417
1981 1 3 -0.659649
1981 1 4 -0.680215
1981 1 5 -0.567468
1981 1 6 -0.756053
1981 1 7 -0.127303
1981 1 8 0.0356052
1981 1 9 -0.283661
1981 1 10 0.233351
1981 1 11 0.696669
1981 1 12 0.639594
1981 1 13 0.702773
1981 1 14 0.694556
1981 1 15 0.523111
1981 1 16 0.553144
1981 1 17 0.440704
1981 1 18 0.244875
1981 1 19 -0.0368217
1981 1 20 0.236539
1981 1 21 0.426446
1981 1 22 0.43312
1981 1 23 0.806617
1981 1 24 1.53325
1981 1 25 1.80493
1981 1 26 1.84451
1981 1 27 1.80711
1981 1 28 1.87059
1981 1 29 2.17248
1981 1 30 2.34408
1981 1 31 2.44011
1982 1 1 -2.73349
1982 1 2 -2.52041
1982 1 3 -2.68776
1982 1 4 -2.16689
1982 1 5 -1.82294
1982 1 6 -1.72421
1982 1 7 -1.50835
1982 1 8 -1.15147
1982 1 9 -1.52723
1982 1 10 -2.05596
1982 1 11 -1.83212
1982 1 12 -0.769061
1982 1 13 -0.117011
1982 1 14 -0.108898
1982 1 15 -0.863329
1982 1 16 -0.764119
1982 1 17 -0.290294
1982 1 18 -0.114235
1982 1 19 -0.554399
1982 1 20 -1.04145
1982 1 21 -0.674135
1982 1 22 -0.527687
1982 1 23 -0.907503
1982 1 24 -0.844464
1982 1 25 -0.628852
1982 1 26 -0.80584
1982 1 27 -0.314377
1982 1 28 0.159423
1982 1 29 0.588007
1982 1 30 0.369831
1982 1 31 -0.19796
1983 1 1 1.75518
1983 1 2 1.69385
1983 1 3 2.15778
1983 1 4 2.5416
1983 1 5 2.67737
1983 1 6 2.81573
1983 1 7 2.95964
1983 1 8 2.828
1983 1 9 2.24158
1983 1 10 1.18126
1983 1 11 0.658605
1983 1 12 0.573461
1983 1 13 0.947838
1983 1 14 0.666387
1983 1 15 -0.299345
1983 1 16 -1.22987
1983 1 17 -1.38668
1983 1 18 -1.17965
1983 1 19 -0.463827
1983 1 20 0.30183
1983 1 21 0.285609
1983 1 22 -0.202605
1983 1 23 -0.128439
1983 1 24 0.639821
1983 1 25 1.34488
1983 1 26 1.29555
1983 1 27 0.623863
1983 1 28 0.136406
1983 1 29 -0.258029
1983 1 30 -0.802427
1983 1 31 -1.32995
1984 1 1 2.21955
1984 1 2 2.12288
1984 1 3 1.79815
1984 1 4 2.00132
1984 1 5 2.00921
1984 1 6 1.60954
1984 1 7 0.669403
1984 1 8 0.350953
1984 1 9 0.17345
1984 1 10 0.52185
1984 1 11 1.09286
1984 1 12 1.15206
1984 1 13 1.33439
1984 1 14 1.29032
1984 1 15 0.794325
1984 1 16 0.488154
1984 1 17 0.383098
1984 1 18 0.107377
1984 1 19 -0.0879271
1984 1 20 -0.105392
1984 1 21 0.0453109
1984 1 22 -0.09774
1984 1 23 -0.665545
1984 1 24 -1.14607
1984 1 25 -1.6185
1984 1 26 -2.07322
1984 1 27 -1.44575
1984 1 28 -0.520509
1984 1 29 -0.332751
1984 1 30 0.142605
1984 1 31 0.346464
1985 1 1 -0.300831
1985 1 2 -0.25549
1985 1 3 -0.761488
1985 1 4 -1.4575
1985 1 5 -1.24406
1985 1 6 -1.16295
1985 1 7 -1.10133
1985 1 8 -1.15515
1985 1 9 -1.03774
1985 1 10 -0.551017
1985 1 11 -0.026303
1985 1 12 0.209936
1985 1 13 -0.849504
1985 1 14 -1.46126
1985 1 15 -1.47453
1985 1 16 -2.22919
1985 1 17 -3.13919
1985 1 18 -3.94139
1985 1 19 -4.17493
1985 1 20 -3.69589
1985 1 21 -2.74948
1985 1 22 -1.88619
1985 1 23 -1.43889
1985 1 24 -1.29759
1985 1 25 -1.2855
1985 1 26 -1.26925
1985 1 27 -1.31077
1985 1 28 -1.12663
1985 1 29 -0.562502
1985 1 30 -0.170843
1985 1 31 0.0682723
1986 1 1 -1.08167
1986 1 2 -1.13393
1986 1 3 -0.593485
1986 1 4 -0.353158
1986 1 5 -0.989057
1986 1 6 -1.69847
1986 1 7 -1.90125
1986 1 8 -1.05273
1986 1 9 -0.458291
1986 1 10 -0.157046
1986 1 11 0.0129381
1986 1 12 -0.386676
1986 1 13 -0.686946
1986 1 14 -1.32244
1986 1 15 -1.9188
1986 1 16 -1.53823
1986 1 17 -0.533589
1986 1 18 0.0989002
1986 1 19 0.328315
1986 1 20 0.398936
1986 1 21 0.376794
1986 1 22 0.0914656
1986 1 23 -0.226139
1986 1 24 -0.362303
1986 1 25 -0.271644
1986 1 26 0.0296324
1986 1 27 -0.745876
1986 1 28 -1.87225
1986 1 29 -2.47427
1986 1 30 -1.83019
1986 1 31 -1.43999
1987 1 1 -1.29099
1987 1 2 -1.57852
1987 1 3 -1.39653
1987 1 4 -0.791684
1987 1 5 -0.860357
1987 1 6 -1.21885
1987 1 7 -1.00195
1987 1 8 -0.792834
1987 1 9 -0.223296
1987 1 10 0.46018
1987 1 11 0.986198
1987 1 12 0.64745
1987 1 13 0.572041
1987 1 14 0.140628
1987 1 15 -0.0318644
1987 1 16 0.171364
1987 1 17 0.606737
1987 1 18 0.93275
1987 1 19 1.08152
1987 1 20 1.16843
1987 1 21 0.325249
1987 1 22 -0.724119
1987 1 23 -1.45781
1987 1 24 -1.31136
1987 1 25 -0.242505
1987 1 26 0.0386063
1987 1 27 -0.309896
1987 1 28 -0.415006
1987 1 29 -0.29688
1987 1 30 0.225964
1987 1 31 1.08327
1988 1 1 0.244596
1988 1 2 0.64686
1988 1 3 0.565453
1988 1 4 0.160292
1988 1 5 -0.183309
1988 1 6 -0.295286
1988 1 7 0.0510631
1988 1 8 0.374309
1988 1 9 0.86109
1988 1 10 1.12324
1988 1 11 0.66143
1988 1 12 0.188329
1988 1 13 -0.0493843
1988 1 14 0.18145
1988 1 15 0.512801
1988 1 16 1.17761
1988 1 17 1.31748
1988 1 18 0.766718
1988 1 19 0.252362
1988 1 20 -0.248811
1988 1 21 -0.633066
1988 1 22 -0.0978535
1988 1 23 0.268416
1988 1 24 0.219255
1988 1 25 0.0162548
1988 1 26 -0.516198
1988 1 27 -0.802388
1988 1 28 -0.319071
1988 1 29 -0.299776
1988 1 30 -0.467565
1988 1 31 -0.924586
1989 1 1 1.45734
1989 1 2 1.80827
1989 1 3 1.66492
1989 1 4 0.803992
1989 1 5 0.196741
1989 1 6 0.192913
1989 1 7 0.738592
1989 1 8 1.16188
1989 1 9 1.46278
1989 1 10 2.34349
1989 1 11 2.60863
1989 1 12 2.50319
1989 1 13 2.47891
1989 1 14 2.84944
1989 1 15 2.89912
1989 1 16 1.92769
1989 1 17 1.50182
1989 1 18 1.31849
1989 1 19 0.940562
1989 1 20 0.611789
1989 1 21 -0.00766603
1989 1 22 -0.530949
1989 1 23 -0.253684
1989 1 24 -0.0635626
1989 1 25 0.151439
1989 1 26 1.00761
1989 1 27 1.96149
1989 1 28 2.76901
1989 1 29 2.83289
1989 1 30 1.5701
1989 1 31 0.601268
1990 1 1 -0.649117
1990 1 2 -0.716519
1990 1 3 -0.296376
1990 1 4 0.193277
1990 1 5 0.648825
1990 1 6 1.01786
1990 1 7 1.00122
1990 1 8 1.15025
1990 1 9 0.902295
1990 1 10 0.112366
1990 1 11 -0.626444
1990 1 12 -1.18634
1990 1 13 -1.38568
1990 1 14 -0.907288
1990 1 15 0.0547512
1990 1 16 0.0167581
1990 1 17 -0.633649
1990 1 18 -1.20106
1990 1 19 -1.11194
1990 1 20 -0.528515
1990 1 21 -0.173565
1990 1 22 -0.00758378
1990 1 23 0.127083
1990 1 24 -0.32658
1990 1 25 -0.832923
1990 1 26 -1.13105
1990 1 27 -1.57474
1990 1 28 -1.12243
1990 1 29 -0.852558
1990 1 30 -0.991507
1990 1 31 -0.861784
1991 1 1 -0.668058
1991 1 2 0.0596219
1991 1 3 -0.00421568
1991 1 4 -0.623477
1991 1 5 -0.498441
1991 1 6 -0.427957
1991 1 7 -0.431736
1991 1 8 -0.593796
1991 1 9 -0.909661
1991 1 10 -1.02429
1991 1 11 -1.29885
1991 1 12 -1.50555
1991 1 13 -1.30148
1991 1 14 -0.695188
1991 1 15 0.29612
1991 1 16 0.77198
1991 1 17 1.08816
1991 1 18 1.18667
1991 1 19 1.07805
1991 1 20 1.03158
1991 1 21 1.31185
1991 1 22 0.93622
1991 1 23 0.746072
1991 1 24 0.784204
1991 1 25 0.727959
1991 1 26 0.535054
1991 1 27 0.399331
1991 1 28 0.375668
1991 1 29 0.0836101
1991 1 30 -0.352375
1991 1 31 -0.703247
1992 1 1 2.62105
1992 1 2 2.42642
1992 1 3 1.90429
1992 1 4 1.10366
1992 1 5 0.158122
1992 1 6 -0.398911
1992 1 7 -0.852936
1992 1 8 -0.704264
1992 1 9 -0.314067
1992 1 10 -0.248977
1992 1 11 -0.724083
1992 1 12 -1.34811
1992 1 13 -1.05938
1992 1 14 -1.08232
1992 1 15 -1.21664
1992 1 16 -1.244
1992 1 17 -0.962949
1992 1 18 -0.624043
1992 1 19 -0.0125223
1992 1 20 0.938792
1992 1 21 1.17057
1992 1 22 1.13827
1992 1 23 1.30032
1992 1 24 1.30278
1992 1 25 1.33031
1992 1 26 1.63394
1992 1 27 1.3921
1992 1 28 1.14806
1992 1 29 0.79372
1992 1 30 0.316477
1992 1 31 0.604555
1993 1 1 2.70445
1993 1 2 2.23102
1993 1 3 1.65292
1993 1 4 1.39785
1993 1 5 1.98471
1993 1 6 2.63227
1993 1 7 2.5485
1993 1 8 2.56961
1993 1 9 2.99205
1993 1 10 3.01268
1993 1 11 3.06269
1993 1 12 3.17862
1993 1 13 3.16863
1993 1 14 3.42473
1993 1 15 3.27827
1993 1 16 2.78719
1993 1 17 2.34323
1993 1 18 2.34328
1993 1 19 2.66451
1993 1 20 3.11788
1993 1 21 3.65452
1993 1 22 3.65751
1993 1 23 2.35879
1993 1 24 1.38131
1993 1 25 0.605829
1993 1 26 0.27151
1993 1 27 0.532474
1993 1 28 0.378795
1993 1 29 0.899672
1993 1 30 1.70421
1993 1 31 2.1492
1994 1 1 -1.18259
1994 1 2 -1.14517
1994 1 3 -1.34505
1994 1 4 -1.57384
1994 1 5 -2.12275
1994 1 6 -2.9959
1994 1 7 -3.14184
1994 1 8 -3.03789
1994 1 9 -3.13584
1994 1 10 -3.43836
1994 1 11 -3.32598
1994 1 12 -2.77548
1994 1 13 -2.46029
1994 1 14 -2.58827
1994 1 15 -2.69434
1994 1 16 -1.98361
1994 1 17 -0.863214
1994 1 18 0.241691
1994 1 19 0.314646
1994 1 20 0.857762
1994 1 21 1.35347
1994 1 22 1.13015
1994 1 23 0.120126
1994 1 24 -0.577052
1994 1 25 -0.450778
1994 1 26 -0.306273
1994 1 27 -0.251265
1994 1 28 -0.367667
1994 1 29 -0.149553
1994 1 30 0.422896
1994 1 31 0.639944
1995 1 1 -0.154858
1995 1 2 -0.517374
1995 1 3 0.27652
1995 1 4 1.04519
1995 1 5 1.37562
1995 1 6 1.20893
1995 1 7 1.12666
1995 1 8 1.05421
1995 1 9 0.640852
1995 1 10 -0.344525
1995 1 11 -0.899126
1995 1 12 -0.685763
1995 1 13 -0.130411
1995 1 14 0.429587
1995 1 15 0.517724
1995 1 16 0.571899
1995 1 17 0.48596
1995 1 18 0.123578
1995 1 19 -0.290252
1995 1 20 -0.494741
1995 1 21 -0.768219
1995 1 22 -0.916909
1995 1 23 -0.860014
1995 1 24 -1.10164
1995 1 25 -1.37854
1995 1 26 -1.64863
1995 1 27 -1.49028
1995 1 28 -0.734717
1995 1 29 -0.121296
1995 1 30 0.669455
1995 1 31 1.76526
1996 1 1 -0.0791277
1996 1 2 -0.614099
1996 1 3 -0.869107
1996 1 4 -1.04062
1996 1 5 -1.03284
1996 1 6 -0.896317
1996 1 7 -0.353092
1996 1 8 0.55082
1996 1 9 0.819911
1996 1 10 1.15095
1996 1 11 1.08725
1996 1 12 0.342325
1996 1 13 -0.380333
1996 1 14 -0.714108
1996 1 15 0.10222
1996 1 16 1.00389
1996 1 17 1.32746
1996 1 18 0.916058
1996 1 19 0.276348
1996 1 20 -0.568627
1996 1 21 0.0537169
1996 1 22 0.528129
1996 1 23 -0.324356
1996 1 24 -1.48053
1996 1 25 -2.14602
1996 1 26 -1.69029
1996 1 27 -0.985454
1996 1 28 -1.20887
1996 1 29 -1.11488
1996 1 30 -0.894807
1996 1 31 -1.38985
1997 1 1 -1.60302
1997 1 2 -1.2797
1997 1 3 -0.969066
1997 1 4 -0.810464
1997 1 5 -0.493478
1997 1 6 -0.362346
1997 1 7 -0.829033
1997 1 8 -1.56612
1997 1 9 -1.78746
1997 1 10 -1.87568
1997 1 11 -1.4335
1997 1 12 -0.424272
1997 1 13 0.28477
1997 1 14 0.0706439
1997 1 15 -0.356367
1997 1 16 -0.551316
1997 1 17 -0.271436
1997 1 18 0.500001
1997 1 19 1.08567
1997 1 20 1.56447
1997 1 21 2.20773
1997 1 22 1.64741
1997 1 23 1.4353
1997 1 24 1.26857
1997 1 25 0.677572
1997 1 26 0.337756
1997 1 27 0.657486
1997 1 28 0.651173
1997 1 29 0.115229
1997 1 30 -0.0405968
1997 1 31 0.330211
1998 1 1 1.08559
1998 1 2 0.821065
1998 1 3 0.467301
1998 1 4 0.0314262
1998 1 5 -0.453593
1998 1 6 -0.80152
1998 1 7 -1.283
1998 1 8 -2.10905
1998 1 9 -3.09386
1998 1 10 -3.40938
1998 1 11 -3.25466
1998 1 12 -3.08453
1998 1 13 -3.06024
1998 1 14 -2.81434
1998 1 15 -2.34329
1998 1 16 -2.09925
1998 1 17 -1.8471
1998 1 18 -1.56471
1998 1 19 -1.49588
1998 1 20 -1.62919
1998 1 21 -1.74906
1998 1 22 -1.64021
1998 1 23 -1.39706
1998 1 24 -0.809884
1998 1 25 -0.523363
1998 1 26 -0.415613
1998 1 27 -0.154261
1998 1 28 -0.341581
1998 1 29 -0.512399
1998 1 30 -0.551883
1998 1 31 -0.637117
1999 1 1 -0.728794
1999 1 2 -0.212445
1999 1 3 -0.304065
1999 1 4 -0.666185
1999 1 5 -0.889508
1999 1 6 -0.515506
1999 1 7 -0.676053
1999 1 8 -1.15336
1999 1 9 -0.889572
1999 1 10 -0.712239
1999 1 11 -0.339938
1999 1 12 -0.0855894
1999 1 13 0.388512
1999 1 14 0.89417
1999 1 15 0.904838
1999 1 16 0.344781
1999 1 17 -0.0971298
1999 1 18 -0.136462
1999 1 19 -0.304257
1999 1 20 -0.357837
1999 1 21 -0.143743
1999 1 22 0.130829
1999 1 23 0.446065
1999 1 24 0.900598
1999 1 25 1.17268
1999 1 26 0.965686
1999 1 27 0.208384
1999 1 28 -0.730932
1999 1 29 -1.28055
1999 1 30 -1.7221
1999 1 31 -1.97575
2000 1 1 1.25801
2000 1 2 1.03954
2000 1 3 0.696582
2000 1 4 0.321677
2000 1 5 -0.131882
2000 1 6 0.41393
2000 1 7 1.35087
2000 1 8 1.19162
2000 1 9 0.770154
2000 1 10 0.205082
2000 1 11 -0.41674
2000 1 12 -0.658977
2000 1 13 -0.458237
2000 1 14 0.0846065
2000 1 15 0.975503
2000 1 16 0.731484
2000 1 17 -0.50545
2000 1 18 -1.49277
2000 1 19 -1.48689
2000 1 20 -1.31308
2000 1 21 -1.35561
2000 1 22 -0.94909
2000 1 23 -0.228905
2000 1 24 0.57113
2000 1 25 0.712987
2000 1 26 0.610926
2000 1 27 1.0155
2000 1 28 2.13019
2000 1 29 2.92762
2000 1 30 2.93168
2000 1 31 2.51724
2001 1 1 -2.29853
2001 1 2 -1.96571
2001 1 3 -1.69701
2001 1 4 -1.31382
2001 1 5 -1.2362
2001 1 6 -1.12947
2001 1 7 -1.29932
2001 1 8 -1.26344
2001 1 9 -1.45231
2001 1 10 -1.4361
2001 1 11 -1.50208
2001 1 12 -1.01564
2001 1 13 -0.139109
2001 1 14 0.537267
2001 1 15 0.522475
2001 1 16 0.53844
2001 1 17 0.28053
2001 1 18 0.254353
2001 1 19 0.768007
2001 1 20 0.676059
2001 1 21 0.652209
2001 1 22 0.781007
2001 1 23 0.741989
2001 1 24 0.924874
2001 1 25 0.861385
2001 1 26 0.419419
2001 1 27 -0.0954812
2001 1 28 -0.626909
2001 1 29 -0.637303
2001 1 30 -1.1046
2001 1 31 -1.35605
2002 1 1 0.340573
2002 1 2 0.660661
2002 1 3 0.82733
2002 1 4 0.621584
2002 1 5 0.670376
2002 1 6 1.38572
2002 1 7 2.22069
2002 1 8 2.68861
2002 1 9 2.63917
2002 1 10 2.38724
2002 1 11 1.49324
2002 1 12 0.827179
2002 1 13 0.600047
2002 1 14 0.520949
2002 1 15 0.404008
2002 1 16 0.22903
2002 1 17 -0.0347584
2002 1 18 0.154587
2002 1 19 0.452643
2002 1 20 0.499454
2002 1 21 0.0288099
2002 1 22 -0.340971
2002 1 23 -0.355084
2002 1 24 -0.314042
2002 1 25 -0.157522
2002 1 26 0.168758
2002 1 27 0.174787
2002 1 28 0.359455
2002 1 29 0.657004
2002 1 30 0.832098
2002 1 31 0.917587
2003 1 1 -1.15829
2003 1 2 -1.25236
2003 1 3 -0.872936
2003 1 4 -0.414515
2003 1 5 -0.201283
2003 1 6 0.690914
2003 1 7 0.818829
2003 1 8 -0.323546
2003 1 9 -1.25086
2003 1 10 -1.01111
2003 1 11 -0.304022
2003 1 12 0.606413
2003 1 13 1.26334
2003 1 14 1.36862
2003 1 15 1.43118
2003 1 16 1.207
2003 1 17 0.448346
2003 1 18 -0.413028
2003 1 19 -0.789728
2003 1 20 -1.25977
2003 1 21 -2.29846
2003 1 22 -2.51503
2003 1 23 -1.69445
2003 1 24 -0.81726
2003 1 25 -0.353439
2003 1 26 0.391469
2003 1 27 0.957741
2003 1 28 0.0877914
2003 1 29 -0.588732
2003 1 30 -0.150475
2003 1 31 0.842871
2004 1 1 -0.108869
2004 1 2 0.153419
2004 1 3 0.258036
2004 1 4 0.188458
2004 1 5 0.0124763
2004 1 6 -0.560656
2004 1 7 -1.17541
2004 1 8 -1.29606
2004 1 9 -0.881432
2004 1 10 -0.810276
2004 1 11 -0.606517
2004 1 12 -0.607413
2004 1 13 -1.1587
2004 1 14 -1.85159
2004 1 15 -2.51257
2004 1 16 -3.23588
2004 1 17 -3.68834
2004 1 18 -3.11864
2004 1 19 -2.51676
2004 1 20 -1.99411
2004 1 21 -1.01555
2004 1 22 0.127919
2004 1 23 0.419791
2004 1 24 -0.47009
2004 1 25 -1.25015
2004 1 26 -1.53182
2004 1 27 -1.64001
2004 1 28 -1.75711
2004 1 29 -1.95485
2004 1 30 -1.59497
2004 1 31 -0.940129
2005 1 1 2.37873
2005 1 2 2.04768
2005 1 3 2.24095
2005 1 4 2.9718
2005 1 5 3.28238
2005 1 6 2.59013
2005 1 7 1.95689
2005 1 8 1.96455
2005 1 9 1.83796
2005 1 10 1.08354
2005 1 11 0.497889
2005 1 12 0.0835632
2005 1 13 -0.807828
2005 1 14 -1.27177
2005 1 15 -0.715044
2005 1 16 0.579615
2005 1 17 0.994305
2005 1 18 0.487768
2005 1 19 0.676085
2005 1 20 0.529841
2005 1 21 -0.392276
2005 1 22 -1.1172
2005 1 23 -1.27928
2005 1 24 -1.30149
2005 1 25 -1.65168
2005 1 26 -1.43149
2005 1 27 -1.20691
2005 1 28 -0.667332
2005 1 29 -0.553977
2005 1 30 -0.802504
2005 1 31 -0.82403
2006 1 1 -0.304375
2006 1 2 0.0498591
2006 1 3 -0.297613
2006 1 4 -0.541319
2006 1 5 -0.623735
2006 1 6 -0.692791
2006 1 7 -0.639467
2006 1 8 -0.533179
2006 1 9 0.79903
2006 1 10 1.66213
2006 1 11 1.75051
2006 1 12 1.14673
2006 1 13 0.422064
2006 1 14 -0.112498
2006 1 15 -0.636446
2006 1 16 -1.13346
2006 1 17 -0.983737
2006 1 18 -0.631512
2006 1 19 -0.613334
2006 1 20 -0.445458
2006 1 21 -0.462558
2006 1 22 -0.208308
2006 1 23 -0.163678
2006 1 24 -0.559165
2006 1 25 -0.726743
2006 1 26 -0.678038
2006 1 27 -0.714938
2006 1 28 -0.324365
2006 1 29 0.0578675
2006 1 30 0.0580503
2006 1 31 -0.551006
2007 1 1 2.94886
2007 1 2 2.71273
2007 1 3 2.77243
2007 1 4 2.72111
2007 1 5 2.71157
2007 1 6 2.6295
2007 1 7 2.35145
2007 1 8 1.85547
2007 1 9 1.45831
2007 1 10 1.58634
2007 1 11 1.51647
2007 1 12 1.31036
2007 1 13 1.00068
2007 1 14 0.836036
2007 1 15 0.547775
2007 1 16 0.309956
2007 1 17 0.318932
2007 1 18 0.947243
2007 1 19 1.00211
2007 1 20 0.517787
2007 1 21 -0.226076
2007 1 22 -0.223482
2007 1 23 0.132758
2007 1 24 0.175609
2007 1 25 0.385837
2007 1 26 0.134763
2007 1 27 0.228026
2007 1 28 0.146728
2007 1 29 -0.0682636
2007 1 30 0.159067
2007 1 31 0.268375
2008 1 1 -1.24211
2008 1 2 -1.03815
2008 1 3 -0.601904
2008 1 4 -0.30463
2008 1 5 -0.0971175
2008 1 6 -0.0839947
2008 1 7 -0.465848
2008 1 8 -0.799731
2008 1 9 -0.97603
2008 1 10 -1.11448
2008 1 11 -1.18601
2008 1 12 -1.24477
2008 1 13 -1.03506
2008 1 14 -0.517299
2008 1 15 -0.354697
2008 1 16 -0.255205
2008 1 17 0.0641659
2008 1 18 0.344452
2008 1 19 0.535555
2008 1 20 0.356063
2008 1 21 0.847432
2008 1 22 1.79968
2008 1 23 2.51652
2008 1 24 2.84448
2008 1 25 2.93302
2008 1 26 2.10416
2008 1 27 1.24607
2008 1 28 1.34804
2008 1 29 1.52628
2008 1 30 1.2733
2008 1 31 0.867767
2009 1 1 -0.954767
2009 1 2 -1.19459
2009 1 3 -1.02575
2009 1 4 -0.406153
2009 1 5 0.255114
2009 1 6 0.794493
2009 1 7 1.1192
2009 1 8 1.35579
2009 1 9 1.68161
2009 1 10 2.05964
2009 1 11 2.46458
2009 1 12 2.66232
2009 1 13 2.12938
2009 1 14 1.61147
2009 1 15 1.32327
2009 1 16 1.56979
2009 1 17 1.88279
2009 1 18 2.04812
2009 1 19 1.60412
2009 1 20 0.672951
2009 1 21 0.244164
2009 1 22 0.239638
2009 1 23 0.587906
2009 1 24 0.485674
2009 1 25 0.421788
2009 1 26 0.981889
2009 1 27 1.11989
2009 1 28 0.794729
2009 1 29 0.243642
2009 1 30 -0.0924699
2009 1 31 -0.737296
2010 1 1 -2.23529
2010 1 2 -2.67628
2010 1 3 -2.89696
2010 1 4 -2.95507
2010 1 5 -2.5308
2010 1 6 -2.25705
2010 1 7 -2.12139
2010 1 8 -1.59533
2010 1 9 -1.05524
2010 1 10 -0.930212
2010 1 11 -0.809907
2010 1 12 -0.289666
2010 1 13 -0.210078
2010 1 14 -0.149897
2010 1 15 0.333483
2010 1 16 1.28805
2010 1 17 1.75748
2010 1 18 1.40429
2010 1 19 0.88268
2010 1 20 0.206396
2010 1 21 -0.330713
2010 1 22 -0.651737
2010 1 23 -0.623212
2010 1 24 -0.24479
2010 1 25 0.374952
2010 1 26 0.730159
2010 1 27 0.721859
2010 1 28 -0.216978
2010 1 29 -0.835737
2010 1 30 -1.44678
2010 1 31 -1.56997
2011 1 1 -2.24402
2011 1 2 -2.01406
2011 1 3 -2.00521
2011 1 4 -1.92327
2011 1 5 -2.11564
2011 1 6 -2.25327
2011 1 7 -2.49537
2011 1 8 -2.74218
2011 1 9 -3.12354
2011 1 10 -3.67738
2011 1 11 -4.03257
2011 1 12 -3.62681
2011 1 13 -2.64783
2011 1 14 -1.93796
2011 1 15 -1.42271
2011 1 16 -0.726432
2011 1 17 -0.346049
2011 1 18 -0.924782
2011 1 19 -1.37699
2011 1 20 -1.33125
2011 1 21 -1.64413
2011 1 22 -1.79123
2011 1 23 -1.70229
2011 1 24 -0.986614
2011 1 25 -0.416217
2011 1 26 -0.0320231
2011 1 27 0.27395
2011 1 28 0.609227
2011 1 29 1.10336
2011 1 30 1.08636
2011 1 31 1.40103
2012 1 1 1.36591
2012 1 2 0.632473
2012 1 3 0.415321
2012 1 4 0.62984
2012 1 5 0.365399
2012 1 6 0.275773
2012 1 7 0.203146
2012 1 8 0.849537
2012 1 9 1.25372
2012 1 10 0.933318
2012 1 11 0.788421
2012 1 12 0.446548
2012 1 13 0.0566144
2012 1 14 -0.394911
2012 1 15 -0.157383
2012 1 16 -0.0436549
2012 1 17 -0.214325
2012 1 18 0.165816
2012 1 19 0.104456
2012 1 20 0.139419
2012 1 21 -0.744408
2012 1 22 -1.73473
2012 1 23 -1.84463
2012 1 24 -1.61751
2012 1 25 -1.37083
2012 1 26 -1.66952
2012 1 27 -2.27792
2012 1 28 -2.28999
2012 1 29 -1.77417
2012 1 30 -1.31206
2012 1 31 -1.04617
2013  1  1  0.203
2013  1  2  0.234
2013  1  3  0.401
2013  1  4  0.382
2013  1  5  0.626
2013  1  6  0.672
2013  1  7  0.405
2013  1  8  0.309
2013  1  9  0.381
2013  1 10  0.196
2013  1 11 -0.467
2013  1 12 -0.797
2013  1 13 -0.560
2013  1 14 -0.192
2013  1 15  0.162
2013  1 16  0.272
2013  1 17  0.398
2013  1 18  0.494
2013  1 19  0.489
2013  1 20  0.235
2013  1 21 -0.185
2013  1 22 -0.245
2013  1 23 -0.219
2013  1 24 -0.032
2013  1 25  0.212
2013  1 26  0.329
2013  1 27  0.404
2013  1 28  0.227
2013  1 29  0.198
2013  1 30  0.463
2013  1 31  0.790
2014  1  1 -0.112
2014  1  2 -0.277
2014  1  3 -0.177
2014  1  4 -0.081
2014  1  5 -0.024
2014  1  6 -0.120
2014  1  7 -0.121
2014  1  8  0.167
2014  1  9  0.186
2014  1 10 -0.204
2014  1 11 -0.451
2014  1 12 -0.529
2014  1 13 -0.316
2014  1 14 -0.284
2014  1 15 -0.074
2014  1 16  0.067
2014  1 17  0.028
2014  1 18 -0.134
2014  1 19 -0.081
2014  1 20  0.052
2014  1 21  0.137
2014  1 22  0.167
2014  1 23  0.357
2014  1 24  0.995
2014  1 25  1.298
2014  1 26  0.955
2014  1 27  0.381
2014  1 28  0.246
2014  1 29  0.628
2014  1 30  1.157
2014  1 31  1.380
2015  1  1  2.788
2015  1  2  2.766
2015  1  3  1.836
2015  1  4  0.997
2015  1  5  0.775
2015  1  6  1.247
2015  1  7  2.233
2015  1  8  2.754
2015  1  9  3.046
2015  1 10  2.506
2015  1 11  2.091
2015  1 12  1.997
2015  1 13  1.375
2015  1 14  0.661
2015  1 15  0.044
2015  1 16  0.083
2015  1 17 -0.276
2015  1 18  0.037
2015  1 19  0.204
2015  1 20 -1.035
2015  1 21 -1.375
2015  1 22 -0.368
2015  1 23  0.271
2015  1 24  0.570
2015  1 25  1.046
2015  1 26  1.661
2015  1 27  2.188
2015  1 28  2.025
2015  1 29  1.206
2015  1 30  0.170
2015  1 31 -0.892
2016  1  1  0.623
2016  1  2 -0.984
2016  1  3 -1.772
2016  1  4 -2.062
2016  1  5 -2.393
2016  1  6 -2.287
2016  1  7 -2.530
2016  1  8 -2.954
2016  1  9 -3.546
2016  1 10 -3.525
2016  1 11 -3.530
2016  1 12 -3.585
2016  1 13 -3.451
2016  1 14 -3.544
2016  1 15 -4.004
2016  1 16 -4.898
2016  1 17 -4.554
2016  1 18 -3.938
2016  1 19 -2.918
2016  1 20 -1.757
2016  1 21 -1.066
2016  1 22 -0.236
2016  1 23 -0.085
2016  1 24 -0.358
2016  1 25 -0.046
2016  1 26  1.146
2016  1 27  2.390
2016  1 28  3.309
2016  1 29  3.815
2016  1 30  3.043
2016  1 31  2.381
2017  1  1 -0.184
2017  1  2  0.050
2017  1  3  0.234
2017  1  4  0.259
2017  1  5  0.490
2017  1  6  0.872
2017  1  7  1.218
2017  1  8  0.925
2017  1  9  1.247
2017  1 10  1.759
2017  1 11  1.547
2017  1 12  0.302
2017  1 13  0.062
2017  1 14  0.483
2017  1 15  0.567
2017  1 16  0.055
2017  1 17  0.311
2017  1 18  1.066
2017  1 19  1.757
2017  1 20  1.722
2017  1 21  0.932
2017  1 22  0.322
2017  1 23  0.948
2017  1 24  1.536
2017  1 25  1.460
2017  1 26  0.891
2017  1 27  0.804
2017  1 28  1.287
2017  1 29  1.741
2017  1 30  1.779
2017  1 31  1.719
2018  1  1 -0.342
2018  1  2  0.152
2018  1  3 -0.276
2018  1  4 -1.506
2018  1  5 -2.889
2018  1  6 -2.113
2018  1  7 -0.320
2018  1  8 -0.321
2018  1  9 -0.688
2018  1 10 -0.769
2018  1 11 -0.744
2018  1 12 -0.280
2018  1 13  0.131
2018  1 14  1.041
2018  1 15  1.881
2018  1 16  1.712
2018  1 17  0.782
2018  1 18 -0.048
2018  1 19 -0.825
2018  1 20 -1.297
2018  1 21 -1.496
2018  1 22 -1.204
2018  1 23 -0.780
2018  1 24 -0.332
2018  1 25 -0.030
2018  1 26  0.499
2018  1 27  0.963
2018  1 28  0.976
2018  1 29  0.515
2018  1 30  0.190
2018  1 31 -0.981
2019  1  1  0.368
2019  1  2  0.597
2019  1  3  0.795
2019  1  4  0.652
2019  1  5 -0.144
2019  1  6 -0.650
2019  1  7 -0.113
2019  1  8 -0.547
2019  1  9 -1.297
2019  1 10 -2.112
2019  1 11 -2.052
2019  1 12 -1.112
2019  1 13 -0.617
2019  1 14 -0.367
2019  1 15 -0.166
2019  1 16 -0.265
2019  1 17  0.000
2019  1 18  0.375
2019  1 19  0.382
2019  1 20  0.106
2019  1 21 -0.211
2019  1 22 -0.860
2019  1 23 -1.626
2019  1 24 -2.100
2019  1 25 -2.015
2019  1 26 -1.090
2019  1 27 -0.218
2019  1 28 -0.835
2019  1 29 -1.548
2019  1 30 -1.698
2019  1 31 -2.958
2020  1  1  3.679
2020  1  2  3.394
2020  1  3  2.790
2020  1  4  3.080
2020  1  5  3.191
2020  1  6  3.293
2020  1  7  3.875
2020  1  8  3.830
2020  1  9  2.802
2020  1 10  2.815
2020  1 11  3.797
2020  1 12  4.454
2020  1 13  4.500
2020  1 14  4.060
2020  1 15  3.106
2020  1 16  2.091
2020  1 17  1.769
2020  1 18  1.334
2020  1 19  1.642
2020  1 20  1.685
2020  1 21  1.575
2020  1 22  1.581
2020  1 23  1.519
2020  1 24  1.328
2020  1 25  1.342
2020  1 26  0.877
2020  1 27  0.503
2020  1 28 -0.069
2020  1 29 -0.083
2020  1 30  0.793
2020  1 31  1.764
