Jan 1950
               70.0000      72.5000      75.0000      77.5000      80.0000      82.5000      85.0000      87.5000      90.0000      92.5000      95.0000      97.5000     100.0000      102.500      105.000      107.500      110.000      112.500      115.000      117.500      120.000    
  40.0000    |  101839.      101888.      101920.      101897.      101817.      101717.      101664.      101710.      101874.      102119.      102370.      102561.      102668.      102719.      102758.      102814.      102867.      102889.      102856.      102772.      102659.    
  42.5000    |  101911.      101945.      102007.      102063.      102083.      102056.      102004.      101977.      102023.      102167.      102390.      102633.      102838.      102969.      103028.      103045.      103040.      103017.      102967.      102886.      102778.    
  45.0000    |  102003.      102022.      102090.      102193.      102294.      102357.      102375.      102371.      102398.      102493.      102662.      102863.      103037.      103143.      103175.      103166.      103143.      103114.      103062.      102970.      102839.    
  47.5000    |  102067.      102073.      102112.      102187.      102284.      102381.      102461.      102528.      102603.      102704.      102828.      102950.      103045.      103099.      103125.      103149.      103180.      103191.      103149.      103024.      102833.    
  50.0000    |  102049.      102075.      102098.      102134.      102193.      102275.      102373.      102483.      102595.      102701.      102791.      102857.      102906.      102956.      103034.      103144.      103262.      103329.      103288.      103121.      102868.    
  52.5000    |  101914.      101990.      102049.      102100.      102159.      102235.      102328.      102433.      102533.      102617.      102675.      102720.      102774.      102868.      103020.      103211.      103390.      103487.      103444.      103263.      102998.    
  55.0000    |  101692.      101805.      101913.      102016.      102112.      102205.      102296.      102379.      102447.      102497.      102534.      102578.      102658.      102790.      102979.      103193.      103374.      103466.      103430.      103285.      103085.    
  57.5000    |  101500.      101601.      101718.      101840.      101958.      102064.      102155.      102225.      102276.      102314.      102349.      102404.      102494.      102628.      102795.      102963.      103095.      103157.      103137.      103059.      102964.    
  60.0000    |  101458.      101510.      101586.      101681.      101783.      101883.      101971.      102046.      102107.      102159.      102213.      102279.      102363.      102464.      102571.      102665.      102728.      102752.      102741.      102718.      102707.    
Jan 1951
               70.0000      72.5000      75.0000      77.5000      80.0000      82.5000      85.0000      87.5000      90.0000      92.5000      95.0000      97.5000     100.0000      102.500      105.000      107.500      110.000      112.500      115.000      117.500      120.000    
  40.0000    |  102297.      102376.      102506.      102615.      102646.      102595.      102519.      102489.      102540.      102661.      102817.      102980.      103148.      103322.      103491.      103624.      103689.      103672.      103582.      103441.      103273.    
  42.5000    |  102451.      102546.      102708.      102879.      103000.      103048.      103042.      103034.      103063.      103144.      103273.      103428.      103591.      103740.      103853.      103913.      103909.      103844.      103731.      103586.      103430.    
  45.0000    |  102638.      102714.      102849.      103020.      103194.      103341.      103458.      103549.      103635.      103723.      103814.      103903.      103977.      104029.      104055.      104050.      104009.      103928.      103806.      103645.      103466.    
  47.5000    |  102808.      102843.      102905.      103011.      103160.      103343.      103542.      103735.      103901.      104017.      104076.      104087.      104064.      104030.      104008.      103998.      103983.      103929.      103809.      103614.      103373.    
  50.0000    |  102889.      102893.      102902.      102944.      103042.      103206.      103420.      103650.      103846.      103972.      104012.      103984.      103923.      103877.      103875.      103912.      103955.      103940.      103822.      103592.      103298.    
  52.5000    |  102807.      102814.      102823.      102852.      102929.      103061.      103241.      103435.      103604.      103714.      103755.      103742.      103719.      103724.      103781.      103874.      103955.      103963.      103852.      103624.      103333.    
  55.0000    |  102567.      102591.      102627.      102680.      102755.      102859.      102985.      103118.      103238.      103326.      103384.      103424.      103468.      103541.      103645.      103757.      103837.      103843.      103750.      103572.      103357.    
  57.5000    |  102290.      102320.      102368.      102431.      102504.      102584.      102667.      102752.      102835.      102913.      102992.      103074.      103166.      103269.      103371.      103455.      103499.      103483.      103412.      103307.      103196.    
  60.0000    |  102090.      102110.      102153.      102210.      102275.      102342.      102412.      102484.      102560.      102644.      102735.      102831.      102925.      103007.      103066.      103092.      103083.      103042.      102983.      102931.      102901.    
Jan 1952
               70.0000      72.5000      75.0000      77.5000      80.0000      82.5000      85.0000      87.5000      90.0000      92.5000      95.0000      97.5000     100.0000      102.500      105.000      107.500      110.000      112.500      115.000      117.500      120.000    
  40.0000    |  102291.      102520.      102773.      102933.      102936.      102812.      102669.      102620.      102702.      102867.      103028.      103123.      103160.      103183.      103223.      103255.      103234.      103139.      102995.      102846.      102725.    
  42.5000    |  102357.      102539.      102776.      102978.      103080.      103082.      103040.      103024.      103070.      103169.      103280.      103369.      103423.      103441.      103427.      103372.      103272.      103138.      102999.      102876.      102778.    
  45.0000    |  102507.      102608.      102769.      102950.      103113.      103244.      103348.      103443.      103535.      103616.      103674.      103696.      103673.      103608.      103503.      103373.      103239.      103112.      103004.      102907.      102812.    
  47.5000    |  102702.      102736.      102801.      102901.      103041.      103213.      103403.      103584.      103729.      103813.      103827.      103768.      103654.      103507.      103359.      103234.      103145.      103085.      103028.      102942.      102817.    
  50.0000    |  102814.      102828.      102842.      102877.      102958.      103095.      103273.      103457.      103599.      103666.      103639.      103533.      103380.      103227.      103115.      103065.      103073.      103099.      103092.      103013.      102860.    
  52.5000    |  102720.      102758.      102784.      102815.      102871.      102965.      103088.      103211.      103301.      103324.      103273.      103163.      103036.      102939.      102903.      102938.      103021.      103102.      103127.      103065.      102927.    
  55.0000    |  102438.      102502.      102564.      102626.      102690.      102763.      102838.      102898.      102931.      102919.      102868.      102791.      102721.      102688.      102708.      102780.      102874.      102953.      102983.      102951.      102873.    
  57.5000    |  102116.      102176.      102247.      102322.      102392.      102454.      102503.      102533.      102540.      102526.      102497.      102467.      102450.      102456.      102490.      102541.      102593.      102630.      102641.      102634.      102623.    
  60.0000    |  101849.      101891.      101946.      102009.      102072.      102129.      102174.      102207.      102229.      102245.      102256.      102270.      102289.      102312.      102334.      102347.      102349.      102341.      102328.      102329.      102355.  
Jan 1953
               70.0000      72.5000      75.0000      77.5000      80.0000      82.5000      85.0000      87.5000      90.0000      92.5000      95.0000      97.5000     100.0000      102.500      105.000      107.500      110.000      112.500      115.000      117.500      120.000    
  40.0000    |  102332.      102567.      102777.      102882.      102858.      102752.      102658.      102644.      102730.      102872.      103025.      103164.      103297.      103434.      103560.      103645.      103666.      103621.      103515.      103359.      103159.    
  42.5000    |  102373.      102549.      102728.      102863.      102938.      102971.      103003.      103061.      103155.      103263.      103376.      103487.      103597.      103697.      103772.      103806.      103792.      103735.      103632.      103488.      103308.    
  45.0000    |  102493.      102598.      102722.      102857.      103000.      103152.      103308.      103451.      103565.      103645.      103697.      103741.      103785.      103828.      103862.      103875.      103860.      103807.      103707.      103558.      103372.    
  47.5000    |  102630.      102689.      102759.      102856.      102994.      103172.      103367.      103545.      103675.      103748.      103775.      103779.      103785.      103803.      103834.      103867.      103880.      103847.      103742.      103563.      103332.    
  50.0000    |  102669.      102722.      102768.      102832.      102934.      103073.      103240.      103401.      103531.      103616.      103656.      103674.      103692.      103727.      103785.      103856.      103909.      103900.      103799.      103598.      103329.    
  52.5000    |  102544.      102610.      102673.      102741.      102828.      102937.      103060.      103188.      103304.      103395.      103461.      103513.      103566.      103636.      103728.      103832.      103916.      103942.      103874.      103707.      103468.    
  55.0000    |  102289.      102368.      102458.      102556.      102655.      102754.      102853.      102948.      103039.      103122.      103200.      103277.      103360.      103457.      103571.      103689.      103793.      103853.      103845.      103763.      103625.    
  57.5000    |  102007.      102089.      102192.      102307.      102419.      102518.      102605.      102680.      102750.      102822.      102901.      102990.      103090.      103199.      103315.      103429.      103527.      103598.      103631.      103626.      103592.    
  60.0000    |  101783.      101858.      101959.      102074.      102189.      102295.      102385.      102465.      102540.      102621.      102713.      102815.      102926.      103038.      103143.      103231.      103301.      103347.      103370.      103382.      103387.        
Jan 1954
               70.0000      72.5000      75.0000      77.5000      80.0000      82.5000      85.0000      87.5000      90.0000      92.5000      95.0000      97.5000     100.0000      102.500      105.000      107.500      110.000      112.500      115.000      117.500      120.000    
  40.0000    |  101883.      102027.      102150.      102203.      102188.      102136.      102087.      102072.      102116.      102228.      102391.      102563.      102691.      102761.      102798.      102839.      102899.      102955.      102967.      102907.      102791.    
  42.5000    |  101998.      102105.      102219.      102312.      102378.      102427.      102467.      102506.      102558.      102635.      102744.      102871.      102984.      103057.      103089.      103101.      103109.      103110.      103085.      103020.      102919.    
  45.0000    |  102230.      102294.      102382.      102491.      102619.      102758.      102893.      103000.      103073.      103118.      103157.      103198.      103240.      103268.      103277.      103275.      103268.      103253.      103213.      103136.      103024.    
  47.5000    |  102522.      102559.      102602.      102673.      102780.      102926.      103087.      103230.      103328.      103370.      103368.      103343.      103313.      103291.      103288.      103306.      103337.      103357.      103333.      103246.      103102.    
  50.0000    |  102738.      102770.      102789.      102813.      102866.      102960.      103087.      103218.      103321.      103372.      103365.      103317.      103258.      103221.      103231.      103293.      103386.      103462.      103470.      103383.      103209.    
  52.5000    |  102757.      102813.      102848.      102874.      102904.      102954.      103029.      103117.      103196.      103242.      103240.      103205.      103163.      103150.      103193.      103295.      103428.      103536.      103565.      103488.      103316.    
  55.0000    |  102571.      102651.      102726.      102785.      102829.      102867.      102905.      102947.      102986.      103011.      103018.      103012.      103011.      103039.      103112.      103223.      103345.      103435.      103457.      103390.      103253.    
  57.5000    |  102302.      102377.      102460.      102538.      102595.      102632.      102655.      102673.      102689.      102709.      102733.      102763.      102805.      102863.      102936.      103014.      103079.      103109.      103090.      103022.      102924.    
  60.0000    |  102075.      102119.      102176.      102236.      102289.      102329.      102361.      102391.      102427.      102471.      102528.      102594.      102663.      102726.      102775.      102800.      102792.      102752.      102684.      102601.      102521.    
Jan 1955
               70.0000      72.5000      75.0000      77.5000      80.0000      82.5000      85.0000      87.5000      90.0000      92.5000      95.0000      97.5000     100.0000      102.500      105.000      107.500      110.000      112.500      115.000      117.500      120.000    
  40.0000    |  102789.      103128.      103419.      103578.      103592.      103521.      103450.      103436.      103492.      103595.      103720.      103856.      103995.      104123.      104200.      104187.      104064.      103851.      103587.      103317.      103077.    
  42.5000    |  102816.      103084.      103346.      103540.      103658.      103736.      103820.      103932.      104054.      104159.      104228.      104268.      104294.      104311.      104305.      104248.      104122.      103922.      103667.      103393.      103136.    
  45.0000    |  102902.      103042.      103202.      103369.      103551.      103759.      103996.      104235.      104432.      104549.      104579.      104545.      104480.      104405.      104323.      104221.      104082.      103894.      103658.      103395.      103135.    
  47.5000    |  103031.      103081.      103148.      103258.      103433.      103683.      103985.      104287.      104530.      104673.      104704.      104647.      104539.      104411.      104283.      104151.      104004.      103827.      103610.      103356.      103089.    
  50.0000    |  103041.      103079.      103120.      103198.      103342.      103563.      103839.      104126.      104366.      104518.      104569.      104535.      104445.      104330.      104210.      104093.      103968.      103817.      103622.      103380.      103110.    
  52.5000    |  102809.      102881.      102952.      103041.      103170.      103347.      103562.      103783.      103977.      104115.      104187.      104200.      104172.      104125.      104072.      104016.      103945.      103836.      103675.      103458.      103211.    
  55.0000    |  102407.      102506.      102614.      102730.      102863.      103015.      103175.      103334.      103475.      103588.      103669.      103726.      103764.      103794.      103816.      103821.      103796.      103724.      103593.      103415.      103213.    
  57.5000    |  102000.      102104.      102227.      102363.      102508.      102652.      102792.      102917.      103029.      103125.      103209.      103285.      103355.      103417.      103463.      103480.      103453.      103379.      103260.      103113.      102964.    
  60.0000    |  101664.      101763.      101886.      102029.      102183.      102336.      102482.      102613.      102728.      102826.      102911.      102986.      103047.      103090.      103107.      103085.      103022.      102924.      102802.      102678.      102577.   
Jan 1956
               70.0000      72.5000      75.0000      77.5000      80.0000      82.5000      85.0000      87.5000      90.0000      92.5000      95.0000      97.5000     100.0000      102.500      105.000      107.500      110.000      112.500      115.000      117.500      120.000    
  40.0000    |  102405.      102658.      102925.      103101.      103136.      103080.      103025.      103030.      103089.      103147.      103177.      103199.      103260.      103372.      103485.      103531.      103470.      103316.      103112.      102890.      102670.    
  42.5000    |  102543.      102756.      102996.      103186.      103296.      103359.      103425.      103515.      103607.      103662.      103671.      103666.      103677.      103711.      103730.      103690.      103572.      103395.      103187.      102976.      102768.    
  45.0000    |  102776.      102908.      103071.      103240.      103406.      103576.      103755.      103922.      104045.      104093.      104078.      104028.      103980.      103930.      103861.      103751.      103600.      103421.      103229.      103026.      102816.    
  47.5000    |  103073.      103145.      103232.      103347.      103501.      103697.      103916.      104118.      104255.      104303.      104271.      104191.      104089.      103978.      103859.      103728.      103589.      103441.      103268.      103058.      102812.    
  50.0000    |  103252.      103308.      103356.      103420.      103526.      103682.      103871.      104053.      104182.      104236.      104211.      104128.      104015.      103895.      103782.      103686.      103599.      103500.      103355.      103141.      102865.    
  52.5000    |  103188.      103256.      103306.      103353.      103423.      103527.      103658.      103789.      103893.      103944.      103939.      103887.      103808.      103729.      103668.      103630.      103606.      103564.      103466.      103291.      103048.    
  55.0000    |  102955.      103034.      103100.      103156.      103215.      103280.      103357.      103434.      103501.      103544.      103558.      103547.      103523.      103501.      103493.      103504.      103521.      103526.      103488.      103393.      103246.    
  57.5000    |  102719.      102793.      102863.      102923.      102974.      103016.      103055.      103091.      103127.      103161.      103189.      103212.      103230.      103245.      103264.      103285.      103306.      103322.      103320.      103296.      103244.    
  60.0000    |  102548.      102605.      102662.      102712.      102750.      102780.      102802.      102825.      102854.      102890.      102933.      102977.      103014.      103038.      103050.      103050.      103041.      103030.      103022.      103017.      103012. 
Jan 1957
               70.0000      72.5000      75.0000      77.5000      80.0000      82.5000      85.0000      87.5000      90.0000      92.5000      95.0000      97.5000     100.0000      102.500      105.000      107.500      110.000      112.500      115.000      117.500      120.000    
  40.0000    |  102337.      102453.      102581.      102645.      102618.      102547.      102510.      102556.      102671.      102791.      102871.      102914.      102963.      103066.      103226.      103391.      103494.      103486.      103373.      103196.      103005.    
  42.5000    |  102515.      102623.      102742.      102820.      102844.      102846.      102881.      102970.      103097.      103225.      103328.      103419.      103524.      103657.      103797.      103895.      103904.      103805.      103617.      103378.      103137.    
  45.0000    |  102658.      102737.      102831.      102920.      103005.      103105.      103234.      103393.      103558.      103709.      103836.      103947.      104051.      104143.      104203.      104197.      104109.      103936.      103699.      103426.      103154.    
  47.5000    |  102734.      102782.      102843.      102922.      103030.      103178.      103363.      103568.      103765.      103931.      104055.      104141.      104193.      104210.      104190.      104125.      104013.      103851.      103638.      103384.      103112.    
  50.0000    |  102668.      102705.      102746.      102806.      102903.      103046.      103229.      103430.      103618.      103767.      103865.      103910.      103916.      103897.      103868.      103837.      103797.      103726.      103602.      103411.      103168.    
  52.5000    |  102410.      102453.      102500.      102559.      102644.      102763.      102912.      103074.      103224.      103341.      103415.      103447.      103455.      103467.      103498.      103555.      103618.      103651.      103617.      103493.      103295.    
  55.0000    |  102028.      102080.      102142.      102212.      102295.      102394.      102507.      102626.      102737.      102830.      102898.      102948.      102997.      103061.      103154.      103267.      103380.      103455.      103457.      103376.      103225.    
  57.5000    |  101678.      101723.      101780.      101845.      101918.      101999.      102086.      102176.      102266.      102348.      102422.      102493.      102567.      102649.      102742.      102836.      102912.      102950.      102935.      102873.      102778.    
  60.0000    |  101426.      101446.      101476.      101517.      101567.      101628.      101700.      101777.      101859.      101942.      102022.      102095.      102159.      102213.      102255.      102278.      102280.      102259.      102221.      102180.      102152.    
Jan 1958
               70.0000      72.5000      75.0000      77.5000      80.0000      82.5000      85.0000      87.5000      90.0000      92.5000      95.0000      97.5000     100.0000      102.500      105.000      107.500      110.000      112.500      115.000      117.500      120.000    
  40.0000    |  102124.      102329.      102547.      102710.      102784.      102800.      102822.      102903.      103031.      103154.      103229.      103267.      103325.      103439.      103586.      103686.      103670.      103528.      103312.      103093.      102916.    
  42.5000    |  102310.      102498.      102708.      102901.      103058.      103193.      103322.      103457.      103576.      103659.      103706.      103751.      103831.      103948.      104053.      104075.      103971.      103755.      103489.      103236.      103031.    
  45.0000    |  102637.      102778.      102936.      103107.      103297.      103507.      103727.      103932.      104090.      104190.      104242.      104281.      104327.      104367.      104362.      104274.      104093.      103842.      103568.      103310.      103087.    
  47.5000    |  103018.      103116.      103202.      103304.      103447.      103644.      103880.      104122.      104327.      104469.      104543.      104562.      104538.      104478.      104375.      104226.      104038.      103820.      103586.      103339.      103092.    
  50.0000    |  103267.      103347.      103395.      103442.      103523.      103660.      103855.      104076.      104283.      104433.      104505.      104494.      104419.      104306.      104182.      104065.      103955.      103834.      103673.      103454.      103188.    
  52.5000    |  103252.      103343.      103404.      103449.      103507.      103599.      103736.      103899.      104056.      104169.      104212.      104183.      104104.      104015.      103950.      103929.      103938.      103932.      103859.      103691.      103441.    
  55.0000    |  103030.      103135.      103222.      103291.      103352.      103421.      103509.      103608.      103702.      103768.      103791.      103773.      103737.      103715.      103736.      103805.      103896.      103963.      103957.      103853.      103667.    
  57.5000    |  102774.      102868.      102955.      103024.      103082.      103133.      103185.      103241.      103296.      103341.      103372.      103392.      103412.      103450.      103517.      103606.      103700.      103763.      103771.      103712.      103605.    
  60.0000    |  102574.      102642.      102704.      102755.      102797.      102834.      102874.      102921.      102974.      103031.      103092.      103149.      103206.      103261.      103313.      103361.      103390.      103394.      103371.      103327.      103279.    
Jan 1959
               70.0000      72.5000      75.0000      77.5000      80.0000      82.5000      85.0000      87.5000      90.0000      92.5000      95.0000      97.5000     100.0000      102.500      105.000      107.500      110.000      112.500      115.000      117.500      120.000    
  40.0000    |  102431.      102645.      102813.      102875.      102840.      102778.      102761.      102820.      102930.      103042.      103130.      103207.      103295.      103401.      103486.      103497.      103407.      103232.      103027.      102838.      102688.    
  42.5000    |  102542.      102710.      102859.      102954.      103007.      103063.      103160.      103299.      103448.      103575.      103665.      103737.      103805.      103865.      103876.      103801.      103633.      103398.      103144.      102916.      102737.    
  45.0000    |  102772.      102866.      102965.      103071.      103197.      103353.      103536.      103719.      103873.      103986.      104064.      104124.      104169.      104177.      104118.      103973.      103749.      103478.      103203.      102952.      102744.    
  47.5000    |  103062.      103102.      103154.      103240.      103372.      103546.      103734.      103901.      104024.      104105.      104159.      104197.      104216.      104192.      104103.      103945.      103731.      103483.      103219.      102956.      102711.    
  50.0000    |  103207.      103235.      103269.      103337.      103446.      103587.      103731.      103850.      103928.      103973.      103996.      104008.      104005.      103978.      103914.      103811.      103676.      103506.      103298.      103054.      102792.    
  52.5000    |  103085.      103124.      103173.      103245.      103340.      103448.      103548.      103625.      103669.      103687.      103689.      103688.      103687.      103685.      103683.      103672.      103645.      103582.      103463.      103282.      103057.    
  55.0000    |  102775.      102826.      102889.      102966.      103050.      103134.      103203.      103251.      103278.      103289.      103297.      103309.      103334.      103377.      103435.      103500.      103554.      103575.      103540.      103443.      103300.    
  57.5000    |  102432.      102483.      102542.      102606.      102666.      102720.      102765.      102800.      102829.      102860.      102896.      102944.      103007.      103084.      103169.      103252.      103315.      103351.      103346.      103305.      103238.    
  60.0000    |  102127.      102172.      102214.      102255.      102295.      102333.      102372.      102420.      102479.      102550.      102633.      102725.      102818.      102904.      102972.      103014.      103027.      103013.      102978.      102940.      102908.    
