Jan 1960
               70.0000      72.5000      75.0000      77.5000      80.0000      82.5000      85.0000      87.5000      90.0000      92.5000      95.0000      97.5000     100.0000      102.500      105.000      107.500      110.000      112.500      115.000      117.500      120.000    
  40.0000    |  102407.      102527.      102580.      102551.      102486.      102454.      102496.      102599.      102719.      102814.      102869.      102902.      102944.      103011.      103090.      103147.      103145.      103075.      102963.      102844.      102749.    
  42.5000    |  102457.      102573.      102645.      102669.      102689.      102755.      102892.      103061.      103204.      103283.      103310.      103330.      103382.      103469.      103550.      103579.      103520.      103387.      103222.      103070.      102957.    
  45.0000    |  102497.      102621.      102731.      102831.      102951.      103116.      103321.      103521.      103664.      103723.      103725.      103717.      103741.      103795.      103846.      103849.      103781.      103650.      103486.      103320.      103171.    
  47.5000    |  102555.      102684.      102810.      102938.      103083.      103255.      103438.      103602.      103711.      103755.      103753.      103747.      103767.      103818.      103879.      103918.      103909.      103837.      103704.      103522.      103308.    
  50.0000    |  102610.      102729.      102845.      102958.      103070.      103185.      103297.      103393.      103459.      103495.      103513.      103540.      103595.      103687.      103805.      103923.      104007.      104016.      103926.      103732.      103467.    
  52.5000    |  102597.      102703.      102808.      102904.      102989.      103062.      103122.      103173.      103214.      103252.      103296.      103360.      103460.      103598.      103770.      103957.      104113.      104193.      104158.      103997.      103740.    
  55.0000    |  102494.      102585.      102683.      102777.      102857.      102919.      102968.      103008.      103050.      103100.      103165.      103257.      103380.      103539.      103729.      103930.      104109.      104224.      104244.      104158.      103987.    
  57.5000    |  102363.      102435.      102515.      102595.      102664.      102722.      102772.      102821.      102880.      102954.      103049.      103161.      103292.      103442.      103602.      103760.      103898.      103995.      104036.      104020.      103953.    
  60.0000    |  102280.      102325.      102374.      102424.      102475.      102525.      102584.      102657.      102751.      102864.      102991.      103127.      103259.      103378.      103478.      103552.      103603.      103630.      103642.      103644.      103643.  
Jan 1961
               70.0000      72.5000      75.0000      77.5000      80.0000      82.5000      85.0000      87.5000      90.0000      92.5000      95.0000      97.5000     100.0000      102.500      105.000      107.500      110.000      112.500      115.000      117.500      120.000    
  40.0000    |  102514.      102707.      102911.      103050.      103093.      103069.      103046.      103076.      103158.      103257.      103335.      103381.      103411.      103442.      103465.      103459.      103402.      103292.      103149.      102997.      102858.    
  42.5000    |  102697.      102874.      103075.      103254.      103392.      103507.      103621.      103741.      103849.      103915.      103929.      103907.      103881.      103871.      103865.      103834.      103748.      103597.      103402.      103193.      103006.    
  45.0000    |  102940.      103067.      103221.      103398.      103598.      103817.      104038.      104226.      104343.      104367.      104315.      104230.      104154.      104109.      104079.      104029.      103927.      103756.      103534.      103295.      103075.    
  47.5000    |  103200.      103284.      103377.      103502.      103674.      103886.      104105.      104280.      104370.      104363.      104285.      104181.      104096.      104045.      104015.      103972.      103881.      103724.      103510.      103268.      103032.    
  50.0000    |  103288.      103354.      103410.      103483.      103593.      103734.      103881.      103996.      104046.      104026.      103960.      103881.      103824.      103799.      103798.      103792.      103748.      103648.      103485.      103276.      103052.    
  52.5000    |  103079.      103143.      103201.      103266.      103346.      103440.      103532.      103600.      103627.      103615.      103579.      103545.      103531.      103549.      103590.      103637.      103662.      103639.      103561.      103429.      103258.    
  55.0000    |  102689.      102752.      102826.      102909.      102998.      103085.      103162.      103214.      103242.      103248.      103245.      103250.      103274.      103324.      103396.      103476.      103546.      103588.      103589.      103545.      103465.    
  57.5000    |  102366.      102419.      102495.      102583.      102674.      102758.      102825.      102873.      102905.      102929.      102952.      102981.      103024.      103080.      103144.      103211.      103272.      103322.      103355.      103371.      103370.    
  60.0000    |  102206.      102250.      102310.      102380.      102450.      102512.      102564.      102608.      102646.      102684.      102726.      102772.      102817.      102856.      102887.      102905.      102914.      102921.      102935.      102963.      103007.    
Jan 1962
               70.0000      72.5000      75.0000      77.5000      80.0000      82.5000      85.0000      87.5000      90.0000      92.5000      95.0000      97.5000     100.0000      102.500      105.000      107.500      110.000      112.500      115.000      117.500      120.000    
  40.0000    |  102581.      102674.      102786.      102870.      102885.      102852.      102831.      102880.      103001.      103137.      103239.      103298.      103356.      103439.      103528.      103569.      103522.      103384.      103187.      102972.      102762.    
  42.5000    |  102684.      102785.      102905.      103018.      103111.      103185.      103261.      103350.      103448.      103539.      103615.      103696.      103804.      103933.      104037.      104053.      103946.      103729.      103452.      103175.      102933.    
  45.0000    |  102776.      102868.      102983.      103133.      103308.      103486.      103640.      103742.      103795.      103817.      103850.      103935.      104079.      104244.      104357.      104355.      104209.      103946.      103628.      103316.      103048.    
  47.5000    |  102867.      102947.      103050.      103200.      103393.      103596.      103760.      103848.      103861.      103837.      103839.      103908.      104048.      104209.      104319.      104319.      104186.      103951.      103658.      103354.      103072.    
  50.0000    |  102830.      102912.      103006.      103132.      103295.      103468.      103605.      103676.      103683.      103660.      103658.      103710.      103820.      103948.      104048.      104073.      104009.      103862.      103652.      103402.      103136.    
  52.5000    |  102573.      102665.      102766.      102887.      103029.      103174.      103296.      103373.      103409.      103420.      103438.      103488.      103570.      103672.      103767.      103829.      103842.      103795.      103681.      103507.      103285.    
  55.0000    |  102144.      102249.      102369.      102503.      102647.      102789.      102914.      103011.      103081.      103132.      103181.      103241.      103316.      103404.      103497.      103577.      103630.      103638.      103586.      103472.      103307.    
  57.5000    |  101687.      101788.      101911.      102051.      102197.      102338.      102467.      102577.      102668.      102746.      102818.      102889.      102965.      103043.      103117.      103180.      103215.      103215.      103171.      103088.      102980.    
  60.0000    |  101281.      101362.      101468.      101591.      101723.      101855.      101981.      102098.      102204.      102300.      102387.      102469.      102540.      102599.      102639.      102655.      102642.      102603.      102547.      102485.      102437.    
Jan 1963
               70.0000      72.5000      75.0000      77.5000      80.0000      82.5000      85.0000      87.5000      90.0000      92.5000      95.0000      97.5000     100.0000      102.500      105.000      107.500      110.000      112.500      115.000      117.500      120.000    
  40.0000    |  102407.      102655.      102878.      103029.      103098.      103111.      103118.      103150.      103214.      103290.      103360.      103421.      103486.      103549.      103584.      103546.      103403.      103158.      102857.      102558.      102308.    
  42.5000    |  102455.      102643.      102817.      102953.      103058.      103164.      103288.      103423.      103544.      103631.      103686.      103732.      103792.      103863.      103910.      103879.      103736.      103483.      103163.      102841.      102571.    
  45.0000    |  102594.      102725.      102857.      102994.      103153.      103349.      103569.      103777.      103932.      104018.      104050.      104063.      104090.      104132.      104154.      104112.      103973.      103730.      103414.      103077.      102770.    
  47.5000    |  102782.      102880.      102982.      103107.      103275.      103489.      103726.      103947.      104114.      104211.      104254.      104271.      104286.      104299.      104289.      104226.      104081.      103844.      103526.      103163.      102796.    
  50.0000    |  102878.      102959.      103039.      103137.      103270.      103437.      103630.      103822.      103986.      104118.      104214.      104283.      104328.      104350.      104335.      104267.      104132.      103915.      103616.      103250.      102852.    
  52.5000    |  102808.      102887.      102965.      103052.      103155.      103276.      103415.      103566.      103721.      103873.      104016.      104139.      104234.      104291.      104306.      104273.      104188.      104037.      103810.      103511.      103161.    
  55.0000    |  102620.      102711.      102812.      102921.      103031.      103140.      103250.      103368.      103498.      103636.      103779.      103914.      104028.      104114.      104166.      104185.      104170.      104111.      103997.      103819.      103586.    
  57.5000    |  102406.      102503.      102628.      102764.      102896.      103018.      103124.      103223.      103323.      103429.      103540.      103651.      103752.      103835.      103896.      103938.      103959.      103957.      103924.      103850.      103735.    
  60.0000    |  102219.      102299.      102413.      102545.      102682.      102809.      102924.      103024.      103120.      103213.      103308.      103399.      103480.      103541.      103582.      103601.      103603.      103589.      103565.      103528.      103480.    
 Jan 1964
               70.0000      72.5000      75.0000      77.5000      80.0000      82.5000      85.0000      87.5000      90.0000      92.5000      95.0000      97.5000     100.0000      102.500      105.000      107.500      110.000      112.500      115.000      117.500      120.000    
  40.0000    |  102807.      102911.      102946.      102894.      102788.      102691.      102657.      102702.      102809.      102942.      103068.      103166.      103221.      103235.      103224.      103205.      103188.      103164.      103112.      103021.      102899.    
  42.5000    |  102776.      102931.      103022.      103043.      103020.      103001.      103018.      103068.      103131.      103189.      103241.      103298.      103363.      103429.      103475.      103490.      103466.      103409.      103318.      103210.      103096.    
  45.0000    |  102595.      102767.      102910.      103024.      103127.      103240.      103368.      103490.      103576.      103617.      103626.      103631.      103650.      103681.      103705.      103699.      103653.      103568.      103457.      103335.      103216.    
  47.5000    |  102347.      102506.      102665.      102827.      103005.      103213.      103445.      103664.      103834.      103929.      103953.      103927.      103888.      103851.      103821.      103789.      103742.      103669.      103565.      103437.      103292.    
  50.0000    |  102060.      102200.      102343.      102498.      102682.      102907.      103173.      103446.      103683.      103842.      103909.      103897.      103845.      103791.      103762.      103765.      103780.      103775.      103721.      103603.      103430.    
  52.5000    |  101717.      101846.      101974.      102106.      102259.      102451.      102684.      102938.      103178.      103360.      103465.      103499.      103496.      103500.      103545.      103637.      103749.      103832.      103842.      103754.      103580.    
  55.0000    |  101339.      101460.      101580.      101699.      101828.      101979.      102160.      102360.      102561.      102731.      102856.      102942.      103011.      103097.      103221.      103382.      103547.      103670.      103709.      103648.      103502.    
  57.5000    |  101004.      101113.      101228.      101343.      101461.      101589.      101735.      101892.      102053.      102207.      102342.      102465.      102583.      102711.      102856.      103007.      103141.      103228.      103245.      103194.      103096.    
  60.0000    |  100797.      100891.      100995.      101105.      101220.      101340.      101469.      101606.      101751.      101895.      102036.      102170.      102300.      102421.      102530.      102620.      102676.      102695.      102675.      102634.      102594.    
Jan 1965
               70.0000      72.5000      75.0000      77.5000      80.0000      82.5000      85.0000      87.5000      90.0000      92.5000      95.0000      97.5000     100.0000      102.500      105.000      107.500      110.000      112.500      115.000      117.500      120.000    
  40.0000    |  102330.      102456.      102607.      102705.      102708.      102637.      102563.      102552.      102634.      102773.      102910.      102996.      103034.      103069.      103134.      103213.      103248.      103198.      103070.      102913.      102772.    
  42.5000    |  102532.      102640.      102774.      102882.      102931.      102932.      102919.      102926.      102967.      103038.      103123.      103213.      103306.      103400.      103479.      103511.      103469.      103356.      103208.      103065.      102944.    
  45.0000    |  102774.      102868.      102983.      103096.      103190.      103267.      103335.      103401.      103467.      103530.      103592.      103651.      103701.      103732.      103724.      103668.      103567.      103439.      103309.      103192.      103080.    
  47.5000    |  102990.      103057.      103131.      103208.      103288.      103379.      103485.      103603.      103721.      103821.      103890.      103920.      103906.      103855.      103774.      103676.      103578.      103484.      103389.      103276.      103132.    
  50.0000    |  103062.      103099.      103130.      103159.      103195.      103256.      103353.      103482.      103626.      103754.      103836.      103859.      103823.      103750.      103672.      103613.      103578.      103548.      103488.      103365.      103175.    
  52.5000    |  102926.      102947.      102965.      102981.      102999.      103040.      103113.      103221.      103349.      103465.      103542.      103567.      103549.      103514.      103496.      103515.      103559.      103595.      103574.      103467.      103280.    
  55.0000    |  102654.      102671.      102699.      102729.      102761.      102801.      102860.      102938.      103026.      103109.      103168.      103197.      103208.      103221.      103261.      103334.      103426.      103501.      103523.      103469.      103350.    
  57.5000    |  102405.      102410.      102433.      102467.      102504.      102546.      102594.      102651.      102713.      102773.      102822.      102861.      102894.      102934.      102991.      103066.      103148.      103219.      103258.      103258.      103225.    
  60.0000    |  102260.      102242.      102242.      102256.      102282.      102316.      102359.      102411.      102472.      102535.      102594.      102649.      102696.      102738.      102776.      102811.      102846.      102873.      102895.      102912.      102930.    
   Jan 1966
               70.0000      72.5000      75.0000      77.5000      80.0000      82.5000      85.0000      87.5000      90.0000      92.5000      95.0000      97.5000     100.0000      102.500      105.000      107.500      110.000      112.500      115.000      117.500      120.000    
  40.0000    |  102268.      102562.      102847.      103031.      103067.      102989.      102879.      102827.      102866.      102968.      103059.      103094.      103079.      103059.      103070.      103104.      103118.      103080.      102987.      102865.      102738.    
  42.5000    |  102352.      102591.      102853.      103065.      103178.      103191.      103143.      103090.      103066.      103078.      103116.      103163.      103215.      103276.      103337.      103377.      103368.      103298.      103172.      103018.      102861.    
  45.0000    |  102543.      102712.      102919.      103121.      103285.      103396.      103458.      103485.      103499.      103508.      103525.      103548.      103573.      103598.      103608.      103592.      103537.      103435.      103288.      103106.      102910.    
  47.5000    |  102828.      102918.      103026.      103145.      103266.      103384.      103500.      103608.      103701.      103773.      103816.      103825.      103802.      103756.      103700.      103639.      103568.      103466.      103312.      103099.      102848.    
  50.0000    |  103086.      103115.      103131.      103144.      103168.      103220.      103309.      103429.      103561.      103674.      103745.      103758.      103721.      103659.      103603.      103567.      103541.      103484.      103354.      103131.      102838.    
  52.5000    |  103177.      103177.      103153.      103117.      103082.      103075.      103111.      103190.      103292.      103390.      103454.      103474.      103460.      103441.      103451.      103494.      103549.      103566.      103488.      103298.      103018.    
  55.0000    |  103035.      103031.      103016.      102991.      102961.      102943.      102950.      102985.      103041.      103098.      103141.      103167.      103190.      103230.      103306.      103415.      103524.      103590.      103569.      103441.      103232.    
  57.5000    |  102752.      102737.      102729.      102722.      102715.      102714.      102723.      102747.      102785.      102828.      102871.      102917.      102970.      103040.      103130.      103232.      103324.      103378.      103371.      103298.      103178.    
  60.0000    |  102477.      102437.      102413.      102402.      102403.      102419.      102449.      102495.      102555.      102624.      102697.      102769.      102837.      102898.      102947.      102980.      102993.      102978.      102939.      102885.      102831.    
Jan 1967
               70.0000      72.5000      75.0000      77.5000      80.0000      82.5000      85.0000      87.5000      90.0000      92.5000      95.0000      97.5000     100.0000      102.500      105.000      107.500      110.000      112.500      115.000      117.500      120.000    
  40.0000    |  102603.      102834.      103029.      103112.      103067.      102967.      102909.      102950.      103063.      103168.      103194.      103153.      103110.      103119.      103172.      103213.      103192.      103120.      103032.      102953.      102874.    
  42.5000    |  102664.      102861.      103037.      103136.      103156.      103153.      103193.      103299.      103433.      103521.      103517.      103441.      103353.      103307.      103303.      103304.      103268.      103189.      103084.      102973.      102863.    
  45.0000    |  102818.      102955.      103084.      103182.      103259.      103344.      103460.      103599.      103710.      103742.      103682.      103565.      103452.      103388.      103370.      103361.      103322.      103233.      103103.      102952.      102805.    
  47.5000    |  103023.      103116.      103196.      103272.      103363.      103484.      103634.      103779.      103868.      103867.      103779.      103646.      103524.      103447.      103412.      103385.      103326.      103209.      103040.      102846.      102655.    
  50.0000    |  103102.      103181.      103242.      103302.      103385.      103508.      103659.      103803.      103896.      103907.      103840.      103727.      103611.      103522.      103460.      103397.      103299.      103147.      102944.      102715.      102494.    
  52.5000    |  102940.      103028.      103098.      103165.      103250.      103362.      103500.      103636.      103738.      103780.      103761.      103697.      103617.      103541.      103473.      103391.      103273.      103107.      102894.      102661.      102438.    
  55.0000    |  102593.      102685.      102772.      102856.      102945.      103046.      103158.      103268.      103362.      103420.      103443.      103437.      103414.      103386.      103348.      103289.      103189.      103042.      102851.      102642.      102443.    
  57.5000    |  102205.      102288.      102377.      102468.      102553.      102639.      102722.      102798.      102864.      102917.      102955.      102985.      103007.      103021.      103021.      102991.      102919.      102803.      102651.      102486.      102336.    
  60.0000    |  101864.      101925.      102000.      102081.      102162.      102237.      102304.      102362.      102410.      102451.      102486.      102517.      102541.      102555.      102552.      102518.      102450.      102352.      102236.      102128.      102048.    
Jan 1968
               70.0000      72.5000      75.0000      77.5000      80.0000      82.5000      85.0000      87.5000      90.0000      92.5000      95.0000      97.5000     100.0000      102.500      105.000      107.500      110.000      112.500      115.000      117.500      120.000    
  40.0000    |  102031.      102193.      102288.      102279.      102197.      102121.      102110.      102175.      102266.      102322.      102321.      102295.      102308.      102396.      102536.      102663.      102721.      102697.      102621.      102529.      102431.    
  42.5000    |  102058.      102213.      102332.      102383.      102381.      102377.      102405.      102456.      102495.      102492.      102458.      102440.      102484.      102603.      102754.      102869.      102900.      102842.      102723.      102580.      102439.    
  45.0000    |  102156.      102285.      102403.      102493.      102559.      102620.      102677.      102715.      102709.      102658.      102595.      102572.      102622.      102738.      102872.      102968.      102981.      102911.      102778.      102618.      102455.    
  47.5000    |  102303.      102404.      102496.      102583.      102673.      102771.      102867.      102933.      102949.      102918.      102867.      102835.      102849.      102901.      102958.      102986.      102961.      102877.      102746.      102582.      102406.    
  50.0000    |  102404.      102490.      102560.      102628.      102714.      102828.      102956.      103076.      103160.      103197.      103196.      103172.      103143.      103111.      103072.      103015.      102934.      102823.      102681.      102511.      102322.    
  52.5000    |  102383.      102471.      102539.      102603.      102682.      102790.      102923.      103064.      103192.      103285.      103337.      103346.      103318.      103264.      103186.      103091.      102979.      102851.      102702.      102530.      102348.    
  55.0000    |  102278.      102373.      102454.      102526.      102602.      102690.      102794.      102909.      103023.      103125.      103207.      103260.      103285.      103276.      103238.      103172.      103080.      102965.      102831.      102687.      102546.    
  57.5000    |  102219.      102314.      102404.      102489.      102565.      102637.      102707.      102779.      102854.      102934.      103017.      103096.      103163.      103208.      103220.      103197.      103138.      103049.      102947.      102849.      102769.    
  60.0000    |  102265.      102355.      102450.      102545.      102631.      102704.      102765.      102820.      102871.      102926.      102988.      103054.      103114.      103155.      103167.      103142.      103085.      103005.      102925.      102864.      102837. 
Jan 1969
               70.0000      72.5000      75.0000      77.5000      80.0000      82.5000      85.0000      87.5000      90.0000      92.5000      95.0000      97.5000     100.0000      102.500      105.000      107.500      110.000      112.500      115.000      117.500      120.000    
  40.0000    |  102397.      102311.      102263.      102224.      102182.      102158.      102183.      102243.      102289.      102267.      102182.      102100.      102097.      102193.      102336.      102457.      102522.      102551.      102576.      102593.      102570.    
  42.5000    |  102735.      102670.      102622.      102589.      102583.      102621.      102706.      102795.      102829.      102770.      102650.      102546.      102527.      102597.      102701.      102771.      102783.      102757.      102725.      102696.      102652.    
  45.0000    |  103135.      103125.      103107.      103089.      103091.      103128.      103192.      103240.      103224.      103129.      102995.      102893.      102873.      102930.      103011.      103058.      103046.      102989.      102913.      102834.      102750.    
  47.5000    |  103478.      103496.      103489.      103465.      103445.      103448.      103472.      103487.      103463.      103389.      103290.      103212.      103183.      103205.      103240.      103250.      103212.      103127.      103010.      102875.      102730.    
  50.0000    |  103636.      103632.      103611.      103578.      103552.      103551.      103581.      103622.      103652.      103647.      103609.      103554.      103503.      103464.      103426.      103374.      103293.      103172.      103013.      102822.      102617.    
  52.5000    |  103592.      103555.      103521.      103496.      103491.      103518.      103580.      103666.      103747.      103799.      103808.      103775.      103714.      103641.      103564.      103479.      103375.      103236.      103057.      102842.      102618.    
  55.0000    |  103441.      103384.      103347.      103332.      103343.      103380.      103445.      103525.      103605.      103664.      103692.      103687.      103660.      103622.      103579.      103527.      103451.      103342.      103191.      103013.      102831.    
  57.5000    |  103286.      103220.      103179.      103158.      103156.      103170.      103196.      103232.      103272.      103310.      103343.      103373.      103400.      103429.      103448.      103453.      103426.      103363.      103267.      103155.      103051.    
  60.0000    |  103170.      103105.      103056.      103024.      103006.      102997.      102996.      103003.      103021.      103049.      103087.      103136.      103188.      103239.      103275.      103284.      103261.      103207.      103138.      103073.      103029.    
   