Jan 1970
               70.0000      72.5000      75.0000      77.5000      80.0000      82.5000      85.0000      87.5000      90.0000      92.5000      95.0000      97.5000     100.0000      102.500      105.000      107.500      110.000      112.500      115.000      117.500      120.000    
  40.0000    |  102296.      102414.      102541.      102601.      102576.      102513.      102495.      102560.      102675.      102766.      102779.      102725.      102664.      102652.      102696.      102765.      102824.      102863.      102883.      102880.      102843.    
  42.5000    |  102506.      102594.      102693.      102759.      102780.      102794.      102838.      102922.      103008.      103039.      102993.      102900.      102815.      102782.      102805.      102855.      102902.      102928.      102931.      102914.      102879.    
  45.0000    |  102738.      102790.      102844.      102892.      102940.      103008.      103100.      103196.      103251.      103230.      103134.      103009.      102905.      102859.      102871.      102915.      102963.      102993.      102997.      102979.      102944.    
  47.5000    |  102901.      102919.      102929.      102945.      102993.      103082.      103202.      103316.      103377.      103359.      103268.      103143.      103032.      102967.      102953.      102981.      103021.      103053.      103057.      103030.      102976.    
  50.0000    |  102859.      102867.      102862.      102867.      102909.      103000.      103130.      103262.      103358.      103387.      103348.      103265.      103171.      103098.      103062.      103058.      103075.      103088.      103074.      103024.      102939.    
  52.5000    |  102573.      102596.      102612.      102639.      102689.      102776.      102895.      103025.      103141.      103218.      103247.      103233.      103193.      103149.      103117.      103103.      103097.      103086.      103053.      102985.      102890.    
  55.0000    |  102164.      102205.      102254.      102310.      102376.      102453.      102548.      102653.      102759.      102855.      102931.      102985.      103018.      103038.      103052.      103060.      103061.      103048.      103015.      102962.      102899.    
  57.5000    |  101824.      101863.      101922.      101992.      102062.      102131.      102205.      102282.      102368.      102461.      102558.      102654.      102744.      102823.      102886.      102931.      102957.      102964.      102958.      102944.      102937.    
  60.0000    |  101631.      101655.      101703.      101767.      101839.      101909.      101980.      102053.      102132.      102220.      102318.      102424.      102528.      102624.      102706.      102769.      102811.      102840.      102862.      102889.      102929.  
Jan 1971
               70.0000      72.5000      75.0000      77.5000      80.0000      82.5000      85.0000      87.5000      90.0000      92.5000      95.0000      97.5000     100.0000      102.500      105.000      107.500      110.000      112.500      115.000      117.500      120.000    
  40.0000    |  102876.      102915.      102973.      103000.      102960.      102876.      102816.      102833.      102911.      102973.      102944.      102829.      102703.      102650.      102695.      102794.      102877.      102908.      102883.      102819.      102726.    
  42.5000    |  102971.      103008.      103063.      103100.      103102.      103087.      103089.      103123.      103158.      103142.      103040.      102877.      102730.      102663.      102695.      102784.      102869.      102911.      102896.      102841.      102766.    
  45.0000    |  103029.      103064.      103112.      103160.      103206.      103252.      103300.      103333.      103315.      103220.      103048.      102853.      102700.      102641.      102675.      102763.      102850.      102897.      102892.      102845.      102778.    
  47.5000    |  102983.      103016.      103058.      103107.      103171.      103255.      103340.      103396.      103383.      103286.      103119.      102935.      102793.      102729.      102745.      102805.      102869.      102899.      102883.      102825.      102743.    
  50.0000    |  102728.      102770.      102811.      102859.      102930.      103034.      103155.      103263.      103319.      103300.      103211.      103090.      102981.      102915.      102896.      102909.      102923.      102913.      102867.      102785.      102682.    
  52.5000    |  102281.      102334.      102386.      102444.      102525.      102639.      102781.      102929.      103049.      103115.      103127.      103095.      103047.      103005.      102979.      102962.      102941.      102898.      102829.      102735.      102636.    
  55.0000    |  101779.      101833.      101895.      101966.      102053.      102164.      102295.      102438.      102570.      102678.      102752.      102797.      102824.      102842.      102852.      102853.      102835.      102792.      102728.      102653.      102589.    
  57.5000    |  101335.      101374.      101433.      101506.      101593.      101691.      101798.      101909.      102018.      102122.      102214.      102303.      102384.      102458.      102520.      102558.      102568.      102551.      102517.      102484.      102476.    
  60.0000    |  100972.      100990.      101035.      101105.      101192.      101288.      101386.      101485.      101579.      101672.      101765.      101860.      101958.      102051.      102128.      102183.      102210.      102215.      102217.      102232.      102282.    
Jan 1972
               70.0000      72.5000      75.0000      77.5000      80.0000      82.5000      85.0000      87.5000      90.0000      92.5000      95.0000      97.5000     100.0000      102.500      105.000      107.500      110.000      112.500      115.000      117.500      120.000    
  40.0000    |  102538.      102489.      102459.      102407.      102330.      102263.      102246.      102284.      102334.      102339.      102286.      102210.      102176.      102223.      102339.      102484.      102619.      102719.      102778.      102791.      102755.    
  42.5000    |  102747.      102719.      102698.      102676.      102659.      102672.      102723.      102785.      102809.      102760.      102651.      102537.      102476.      102494.      102571.      102664.      102743.      102795.      102826.      102834.      102818.    
  45.0000    |  102864.      102884.      102896.      102908.      102936.      102989.      103055.      103098.      103075.      102973.      102820.      102681.      102608.      102614.      102676.      102750.      102812.      102850.      102871.      102879.      102877.    
  47.5000    |  102868.      102915.      102946.      102968.      103000.      103049.      103099.      103118.      103075.      102966.      102824.      102700.      102637.      102644.      102701.      102771.      102830.      102865.      102879.      102878.      102866.    
  50.0000    |  102743.      102793.      102826.      102856.      102891.      102942.      102996.      103030.      103023.      102971.      102891.      102813.      102772.      102772.      102802.      102842.      102868.      102875.      102857.      102826.      102788.    
  52.5000    |  102509.      102549.      102591.      102640.      102701.      102778.      102865.      102946.      103003.      103026.      103022.      103004.      102986.      102978.      102974.      102964.      102939.      102893.      102835.      102771.      102720.    
  55.0000    |  102251.      102276.      102320.      102383.      102464.      102558.      102663.      102768.      102860.      102933.      102982.      103013.      103031.      103035.      103026.      102995.      102942.      102871.      102794.      102729.      102690.    
  57.5000    |  102095.      102090.      102113.      102161.      102226.      102306.      102391.      102480.      102563.      102640.      102708.      102767.      102815.      102850.      102863.      102849.      102811.      102752.      102696.      102657.      102652.    
  60.0000    |  102083.      102046.      102039.      102056.      102094.      102147.      102208.      102272.      102338.      102401.      102465.      102523.      102577.      102617.      102639.      102637.      102615.      102582.      102556.      102553.      102587. 
Jan 1973
               70.0000      72.5000      75.0000      77.5000      80.0000      82.5000      85.0000      87.5000      90.0000      92.5000      95.0000      97.5000     100.0000      102.500      105.000      107.500      110.000      112.500      115.000      117.500      120.000    
  40.0000    |  102567.      102539.      102514.      102464.      102391.      102323.      102312.      102386.      102514.      102627.      102665.      102633.      102586.      102579.      102624.      102687.      102728.      102740.      102736.      102724.      102694.    
  42.5000    |  102617.      102640.      102663.      102674.      102670.      102672.      102702.      102764.      102831.      102853.      102809.      102715.      102625.      102587.      102608.      102665.      102720.      102757.      102771.      102763.      102735.    
  45.0000    |  102539.      102599.      102660.      102720.      102782.      102850.      102926.      102989.      103010.      102958.      102840.      102689.      102564.      102512.      102536.      102615.      102708.      102779.      102810.      102804.      102769.    
  47.5000    |  102383.      102447.      102510.      102581.      102670.      102779.      102898.      102997.      103038.      102996.      102879.      102728.      102603.      102546.      102571.      102655.      102753.      102823.      102844.      102816.      102761.    
  50.0000    |  102195.      102244.      102293.      102357.      102450.      102577.      102729.      102872.      102972.      102996.      102943.      102851.      102760.      102713.      102728.      102784.      102847.      102879.      102857.      102794.      102714.    
  52.5000    |  101978.      102019.      102068.      102133.      102225.      102353.      102505.      102662.      102794.      102874.      102894.      102875.      102842.      102826.      102838.      102869.      102889.      102876.      102819.      102734.      102645.    
  55.0000    |  101728.      101762.      101815.      101883.      101970.      102076.      102198.      102326.      102444.      102538.      102602.      102641.      102671.      102701.      102734.      102762.      102765.      102733.      102669.      102587.      102515.    
  57.5000    |  101477.      101490.      101526.      101578.      101642.      101715.      101797.      101884.      101974.      102061.      102144.      102220.      102291.      102358.      102410.      102442.      102444.      102414.      102362.      102304.      102263.    
  60.0000    |  101273.      101252.      101250.      101267.      101299.      101346.      101405.      101478.      101559.      101649.      101738.      101826.      101906.      101970.      102013.      102030.      102018.      101986.      101947.      101919.      101913.       
  Jan 1974
               70.0000      72.5000      75.0000      77.5000      80.0000      82.5000      85.0000      87.5000      90.0000      92.5000      95.0000      97.5000     100.0000      102.500      105.000      107.500      110.000      112.500      115.000      117.500      120.000    
  40.0000    |  102540.      102572.      102581.      102525.      102412.      102290.      102232.      102271.      102374.      102458.      102455.      102366.      102268.      102244.      102326.      102472.      102619.      102729.      102802.      102845.      102845.    
  42.5000    |  102678.      102721.      102732.      102695.      102633.      102592.      102607.      102663.      102708.      102690.      102598.      102489.      102432.      102468.      102578.      102702.      102793.      102847.      102887.      102924.      102941.    
  45.0000    |  102796.      102839.      102865.      102878.      102904.      102964.      103045.      103101.      103073.      102939.      102750.      102590.      102535.      102597.      102728.      102855.      102932.      102963.      102979.      103000.      103012.    
  47.5000    |  102876.      102918.      102952.      102997.      103073.      103183.      103291.      103340.      103277.      103105.      102885.      102712.      102653.      102713.      102836.      102956.      103027.      103046.      103039.      103024.      102999.    
  50.0000    |  102876.      102917.      102955.      103003.      103076.      103178.      103279.      103333.      103304.      103194.      103048.      102931.      102889.      102926.      103005.      103077.      103110.      103099.      103060.      103004.      102938.    
  52.5000    |  102785.      102829.      102874.      102917.      102971.      103043.      103122.      103189.      103222.      103216.      103185.      103154.      103145.      103157.      103177.      103181.      103163.      103120.      103064.      103001.      102934.    
  55.0000    |  102650.      102694.      102741.      102784.      102823.      102868.      102925.      102989.      103055.      103112.      103157.      103185.      103201.      103203.      103188.      103161.      103125.      103091.      103061.      103039.      103020.    
  57.5000    |  102543.      102570.      102607.      102644.      102675.      102705.      102740.      102787.      102845.      102907.      102966.      103013.      103044.      103055.      103051.      103041.      103033.      103035.      103052.      103078.      103109.    
  60.0000    |  102483.      102486.      102509.      102539.      102570.      102601.      102636.      102676.      102724.      102778.      102832.      102880.      102920.      102950.      102972.      102988.      103006.      103028.      103056.      103090.      103126.    
Jan 1975
               70.0000      72.5000      75.0000      77.5000      80.0000      82.5000      85.0000      87.5000      90.0000      92.5000      95.0000      97.5000     100.0000      102.500      105.000      107.500      110.000      112.500      115.000      117.500      120.000    
  40.0000    |  102622.      102758.      102846.      102856.      102789.      102697.      102645.      102677.      102778.      102877.      102891.      102796.      102655.      102559.      102558.      102625.      102698.      102728.      102721.      102699.      102665.    
  42.5000    |  102581.      102687.      102768.      102805.      102804.      102798.      102815.      102859.      102899.      102890.      102808.      102679.      102567.      102533.      102585.      102682.      102763.      102791.      102772.      102727.      102669.    
  45.0000    |  102582.      102655.      102729.      102799.      102873.      102956.      103036.      103080.      103057.      102948.      102781.      102615.      102515.      102515.      102598.      102711.      102799.      102830.      102805.      102741.      102654.    
  47.5000    |  102565.      102623.      102686.      102769.      102881.      103013.      103136.      103203.      103182.      103065.      102893.      102729.      102632.      102622.      102683.      102770.      102836.      102849.      102805.      102710.      102585.    
  50.0000    |  102413.      102474.      102535.      102618.      102731.      102875.      103023.      103133.      103172.      103131.      103034.      102925.      102847.      102821.      102838.      102873.      102893.      102871.      102797.      102674.      102518.    
  52.5000    |  102118.      102190.      102265.      102350.      102458.      102593.      102739.      102874.      102969.      103012.      103011.      102982.      102953.      102939.      102942.      102949.      102941.      102903.      102820.      102698.      102549.    
  55.0000    |  101777.      101862.      101950.      102046.      102149.      102263.      102385.      102504.      102609.      102690.      102748.      102787.      102818.      102847.      102876.      102899.      102907.      102887.      102834.      102755.      102657.    
  57.5000    |  101487.      101567.      101658.      101752.      101845.      101938.      102029.      102120.      102205.      102288.      102365.      102438.      102510.      102578.      102642.      102694.      102730.      102744.      102738.      102718.      102693.    
  60.0000    |  101265.      101326.      101396.      101475.      101556.      101637.      101718.      101799.      101879.      101961.      102042.      102124.      102204.      102279.      102346.      102403.      102447.      102479.      102505.      102530.      102560.   
Jan 1976
               70.0000      72.5000      75.0000      77.5000      80.0000      82.5000      85.0000      87.5000      90.0000      92.5000      95.0000      97.5000     100.0000      102.500      105.000      107.500      110.000      112.500      115.000      117.500      120.000    
  40.0000    |  102115.      102267.      102419.      102514.      102529.      102499.      102494.      102564.      102689.      102798.      102835.      102801.      102760.      102766.      102824.      102881.      102885.      102827.      102733.      102635.      102539.    
  42.5000    |  102151.      102300.      102453.      102572.      102647.      102706.      102783.      102888.      102986.      103031.      103004.      102938.      102890.      102893.      102931.      102958.      102932.      102849.      102739.      102625.      102517.    
  45.0000    |  102211.      102332.      102460.      102586.      102719.      102870.      103039.      103192.      103281.      103273.      103182.      103060.      102969.      102935.      102939.      102939.      102902.      102822.      102714.      102599.      102480.    
  47.5000    |  102268.      102368.      102467.      102580.      102731.      102927.      103148.      103340.      103449.      103442.      103340.      103199.      103078.      103004.      102966.      102935.      102880.      102791.      102672.      102531.      102379.    
  50.0000    |  102248.      102353.      102446.      102549.      102690.      102881.      103101.      103305.      103442.      103481.      103434.      103339.      103239.      103159.      103096.      103031.      102940.      102817.      102661.      102481.      102295.    
  52.5000    |  102096.      102231.      102350.      102466.      102601.      102764.      102951.      103132.      103277.      103362.      103393.      103380.      103347.      103303.      103247.      103166.      103051.      102902.      102723.      102535.      102355.    
  55.0000    |  101848.      102015.      102172.      102319.      102461.      102604.      102750.      102891.      103015.      103117.      103192.      103245.      103277.      103288.      103264.      103203.      103101.      102967.      102816.      102670.      102548.    
  57.5000    |  101605.      101784.      101962.      102131.      102285.      102422.      102545.      102653.      102751.      102841.      102924.      103000.      103063.      103106.      103112.      103081.      103014.      102923.      102825.      102744.      102690.    
  60.0000    |  101427.      101588.      101758.      101928.      102090.      102236.      102362.      102470.      102564.      102647.      102724.      102793.      102849.      102886.      102897.      102877.      102831.      102771.      102712.      102667.      102647.    
Jan 1977
               70.0000      72.5000      75.0000      77.5000      80.0000      82.5000      85.0000      87.5000      90.0000      92.5000      95.0000      97.5000     100.0000      102.500      105.000      107.500      110.000      112.500      115.000      117.500      120.000    
  40.0000    |  102517.      102493.      102517.      102547.      102546.      102536.      102553.      102620.      102711.      102775.      102793.      102815.      102911.      103103.      103328.      103485.      103516.      103446.      103345.      103250.      103155.    
  42.5000    |  102743.      102743.      102785.      102842.      102895.      102950.      103026.      103123.      103217.      103279.      103313.      103359.      103458.      103605.      103744.      103803.      103756.      103638.      103504.      103386.      103277.    
  45.0000    |  103005.      103006.      103030.      103077.      103148.      103248.      103374.      103509.      103620.      103690.      103726.      103763.      103826.      103909.      103970.      103966.      103884.      103753.      103610.      103474.      103342.    
  47.5000    |  103252.      103244.      103239.      103254.      103306.      103406.      103546.      103699.      103825.      103904.      103937.      103947.      103959.      103976.      103979.      103944.      103862.      103738.      103588.      103420.      103238.    
  50.0000    |  103389.      103393.      103390.      103393.      103427.      103506.      103626.      103763.      103881.      103957.      103984.      103974.      103949.      103923.      103890.      103841.      103763.      103649.      103495.      103303.      103084.    
  52.5000    |  103363.      103399.      103431.      103461.      103502.      103563.      103645.      103741.      103829.      103891.      103916.      103912.      103889.      103855.      103816.      103769.      103705.      103612.      103483.      103317.      103123.    
  55.0000    |  103238.      103294.      103358.      103417.      103467.      103511.      103559.      103610.      103664.      103713.      103752.      103777.      103785.      103782.      103768.      103743.      103707.      103655.      103586.      103491.      103379.    
  57.5000    |  103147.      103194.      103252.      103306.      103344.      103368.      103387.      103410.      103446.      103496.      103555.      103613.      103659.      103690.      103701.      103697.      103684.      103665.      103641.      103613.      103567.    
  60.0000    |  103145.      103169.      103198.      103224.      103239.      103246.      103253.      103274.      103312.      103371.      103444.      103517.      103576.      103611.      103619.      103604.      103576.      103544.      103517.      103493.      103465.    
Jan 1978
               70.0000      72.5000      75.0000      77.5000      80.0000      82.5000      85.0000      87.5000      90.0000      92.5000      95.0000      97.5000     100.0000      102.500      105.000      107.500      110.000      112.500      115.000      117.500      120.000    
  40.0000    |  102714.      102849.      103027.      103200.      103304.      103312.      103257.      103214.      103227.      103284.      103331.      103327.      103280.      103229.      103197.      103168.      103106.      102994.      102843.      102677.      102516.    
  42.5000    |  102720.      102858.      103037.      103222.      103366.      103446.      103475.      103483.      103492.      103502.      103496.      103468.      103429.      103390.      103349.      103286.      103180.      103035.      102865.      102698.      102546.    
  45.0000    |  102779.      102875.      103002.      103148.      103299.      103437.      103555.      103646.      103700.      103709.      103675.      103613.      103539.      103462.      103376.      103270.      103134.      102976.      102812.      102657.      102516.    
  47.5000    |  102882.      102931.      102988.      103065.      103171.      103309.      103461.      103602.      103697.      103726.      103688.      103601.      103489.      103371.      103250.      103124.      102989.      102845.      102698.      102547.      102396.    
  50.0000    |  102883.      102914.      102939.      102974.      103039.      103145.      103280.      103417.      103516.      103553.      103518.      103427.      103307.      103179.      103056.      102944.      102834.      102720.      102591.      102442.      102278.    
  52.5000    |  102668.      102711.      102752.      102798.      102861.      102945.      103049.      103149.      103222.      103247.      103220.      103149.      103054.      102957.      102867.      102789.      102717.      102636.      102537.      102411.      102266.    
  55.0000    |  102292.      102347.      102416.      102489.      102564.      102636.      102704.      102763.      102800.      102813.      102799.      102768.      102725.      102683.      102645.      102612.      102579.      102536.      102480.      102406.      102320.    
  57.5000    |  101912.      101961.      102029.      102100.      102163.      102214.      102250.      102276.      102293.      102307.      102321.      102336.      102350.      102364.      102373.      102375.      102368.      102354.      102334.      102310.      102284.    
  60.0000    |  101605.      101636.      101677.      101721.      101760.      101791.      101816.      101841.      101872.      101914.      101965.      102021.      102075.      102118.      102144.      102153.      102147.      102133.      102119.      102113.      102114.    
Jan 1979
               70.0000      72.5000      75.0000      77.5000      80.0000      82.5000      85.0000      87.5000      90.0000      92.5000      95.0000      97.5000     100.0000      102.500      105.000      107.500      110.000      112.500      115.000      117.500      120.000    
  40.0000    |  102561.      102619.      102695.      102757.      102781.      102773.      102774.      102815.      102895.      102962.      102961.      102891.      102812.      102795.      102843.      102900.      102894.      102810.      102686.      102577.      102488.    
  42.5000    |  102712.      102782.      102869.      102947.      103000.      103038.      103077.      103128.      103170.      103174.      103123.      103042.      102980.      102970.      102999.      103012.      102966.      102862.      102736.      102629.      102549.    
  45.0000    |  103001.      103077.      103158.      103232.      103291.      103343.      103394.      103430.      103432.      103378.      103278.      103166.      103083.      103050.      103044.      103025.      102962.      102863.      102749.      102649.      102567.    
  47.5000    |  103276.      103336.      103387.      103422.      103450.      103482.      103519.      103546.      103531.      103460.      103343.      103214.      103108.      103045.      103011.      102979.      102925.      102835.      102723.      102601.      102482.    
  50.0000    |  103336.      103365.      103377.      103373.      103367.      103378.      103407.      103438.      103440.      103394.      103302.      103189.      103087.      103017.      102976.      102945.      102896.      102811.      102686.      102531.      102366.    
  52.5000    |  103148.      103149.      103140.      103124.      103113.      103122.      103153.      103191.      103216.      103207.      103159.      103089.      103021.      102972.      102945.      102923.      102885.      102807.      102689.      102537.      102379.    
  55.0000    |  102837.      102824.      102813.      102803.      102800.      102811.      102839.      102876.      102907.      102921.      102913.      102892.      102871.      102861.      102862.      102862.      102846.      102801.      102729.      102640.      102550.    
  57.5000    |  102527.      102500.      102483.      102473.      102472.      102483.      102504.      102535.      102569.      102601.      102629.      102652.      102674.      102701.      102726.      102746.      102753.      102748.      102735.      102721.      102711.    
  60.0000    |  102246.      102201.      102170.      102154.      102153.      102168.      102204.      102252.      102312.      102377.      102442.      102503.      102554.      102594.      102622.      102636.      102641.      102643.      102649.      102664.      102685.    