Jan 1980
               70.0000      72.5000      75.0000      77.5000      80.0000      82.5000      85.0000      87.5000      90.0000      92.5000      95.0000      97.5000     100.0000      102.500      105.000      107.500      110.000      112.500      115.000      117.500      120.000    
  40.0000    |  102499.      102561.      102624.      102675.      102702.      102715.      102740.      102801.      102886.      102957.      102981.      102976.      102999.      103091.      103224.      103320.      103311.      103197.      103031.      102868.      102720.    
  42.5000    |  102578.      102631.      102688.      102748.      102814.      102899.      103005.      103123.      103223.      103282.      103304.      103321.      103373.      103459.      103539.      103549.      103460.      103292.      103101.      102929.      102781.    
  45.0000    |  102715.      102765.      102821.      102894.      103002.      103158.      103341.      103520.      103648.      103703.      103701.      103680.      103672.      103677.      103661.      103585.      103440.      103252.      103056.      102883.      102735.    
  47.5000    |  102871.      102926.      102976.      103043.      103154.      103319.      103523.      103721.      103861.      103914.      103889.      103820.      103743.      103666.      103579.      103461.      103305.      103119.      102920.      102726.      102547.    
  50.0000    |  102930.      102992.      103040.      103092.      103174.      103301.      103466.      103633.      103756.      103808.      103790.      103721.      103631.      103540.      103446.      103338.      103202.      103031.      102827.      102608.      102394.    
  52.5000    |  102811.      102882.      102942.      102997.      103064.      103153.      103265.      103383.      103483.      103544.      103559.      103539.      103502.      103457.      103404.      103331.      103227.      103082.      102896.      102688.      102480.    
  55.0000    |  102554.      102629.      102708.      102784.      102858.      102935.      103019.      103109.      103199.      103278.      103341.      103386.      103415.      103427.      103419.      103379.      103305.      103197.      103059.      102909.      102759.    
  57.5000    |  102274.      102339.      102420.      102506.      102591.      102674.      102759.      102852.      102951.      103054.      103155.      103246.      103316.      103357.      103366.      103339.      103283.      103206.      103120.      103034.      102952.    
  60.0000    |  102053.      102094.      102156.      102233.      102318.      102414.      102516.      102631.      102755.      102884.      103008.      103115.      103191.      103229.      103227.      103190.      103129.      103061.      102997.      102943.      102893.
 Jan 1981
                70.0000      72.5000      75.0000      77.5000      80.0000      82.5000      85.0000      87.5000      90.0000      92.5000      95.0000      97.5000     100.0000      102.500      105.000      107.500      110.000      112.500      115.000      117.500      120.000    
  40.0000    |  102429.      102576.      102705.      102785.      102815.      102823.      102849.      102918.      103011.      103082.      103102.      103093.      103118.      103223.      103387.      103525.      103569.      103507.      103381.      103237.      103085.    
  42.5000    |  102456.      102590.      102722.      102830.      102917.      103001.      103098.      103199.      103286.      103336.      103362.      103402.      103491.      103633.      103776.      103853.      103827.      103711.      103557.      103394.      103231.    
  45.0000    |  102615.      102712.      102819.      102931.      103057.      103203.      103362.      103505.      103603.      103650.      103672.      103710.      103790.      103897.      103982.      103998.      103929.      103796.      103638.      103469.      103289.    
  47.5000    |  102896.      102959.      103017.      103087.      103193.      103345.      103531.      103713.      103850.      103923.      103947.      103949.      103957.      103969.      103966.      103927.      103846.      103730.      103584.      103409.      103199.    
  50.0000    |  103127.      103170.      103186.      103203.      103253.      103367.      103537.      103732.      103904.      104013.      104050.      104023.      103968.      103897.      103828.      103761.      103695.      103613.      103495.      103322.      103088.    
  52.5000    |  103133.      103178.      103186.      103180.      103195.      103263.      103392.      103560.      103729.      103854.      103911.      103896.      103835.      103755.      103683.      103634.      103603.      103565.      103486.      103341.      103127.    
  55.0000    |  102903.      102966.      103003.      103021.      103042.      103089.      103178.      103299.      103433.      103545.      103616.      103636.      103619.      103586.      103559.      103552.      103557.      103554.      103517.      103422.      103267.    
  57.5000    |  102567.      102653.      102730.      102794.      102848.      102907.      102977.      103064.      103159.      103250.      103322.      103368.      103391.      103400.      103406.      103416.      103429.      103433.      103414.      103359.      103266.    
  60.0000    |  102230.      102330.      102431.      102528.      102618.      102704.      102787.      102872.      102956.      103037.      103104.      103154.      103183.      103192.      103187.      103172.      103152.      103128.      103098.      103058.      103005. 
Jan 1982
               70.0000      72.5000      75.0000      77.5000      80.0000      82.5000      85.0000      87.5000      90.0000      92.5000      95.0000      97.5000     100.0000      102.500      105.000      107.500      110.000      112.500      115.000      117.500      120.000    
  40.0000    |  102475.      102582.      102692.      102777.      102814.      102811.      102792.      102792.      102812.      102823.      102795.      102736.      102711.      102781.      102943.      103122.      103215.      103177.      103045.      102890.      102764.    
  42.5000    |  102485.      102575.      102684.      102793.      102891.      102972.      103037.      103082.      103093.      103063.      103008.      102970.      102998.      103112.      103273.      103398.      103413.      103310.      103137.      102961.      102822.    
  45.0000    |  102527.      102589.      102671.      102773.      102897.      103033.      103168.      103270.      103310.      103288.      103233.      103199.      103226.      103318.      103431.      103496.      103466.      103340.      103162.      102978.      102813.    
  47.5000    |  102600.      102655.      102707.      102772.      102868.      103000.      103151.      103284.      103364.      103378.      103346.      103310.      103307.      103346.      103400.      103425.      103384.      103272.      103104.      102904.      102698.    
  50.0000    |  102603.      102675.      102727.      102772.      102834.      102930.      103059.      103191.      103293.      103343.      103343.      103317.      103298.      103299.      103314.      103320.      103283.      103188.      103032.      102823.      102585.    
  52.5000    |  102437.      102545.      102627.      102690.      102753.      102835.      102940.      103058.      103163.      103236.      103270.      103273.      103268.      103269.      103276.      103277.      103248.      103169.      103033.      102844.      102623.    
  55.0000    |  102129.      102257.      102374.      102477.      102568.      102661.      102762.      102867.      102969.      103054.      103117.      103159.      103193.      103218.      103239.      103247.      103227.      103168.      103067.      102929.      102774.    
  57.5000    |  101805.      101929.      102057.      102180.      102294.      102402.      102508.      102611.      102710.      102803.      102888.      102961.      103024.      103071.      103103.      103113.      103096.      103054.      102988.      102909.      102824.    
  60.0000    |  101545.      101648.      101761.      101879.      101997.      102114.      102228.      102340.      102449.      102553.      102650.      102734.      102799.      102844.      102865.      102859.      102832.      102791.      102746.      102703.      102670.  
Jan 1983
               70.0000      72.5000      75.0000      77.5000      80.0000      82.5000      85.0000      87.5000      90.0000      92.5000      95.0000      97.5000     100.0000      102.500      105.000      107.500      110.000      112.500      115.000      117.500      120.000    
  40.0000    |  102536.      102649.      102765.      102853.      102891.      102886.      102885.      102942.      103055.      103164.      103207.      103182.      103163.      103219.      103351.      103481.      103518.      103442.      103296.      103145.      103015.    
  42.5000    |  102508.      102615.      102729.      102839.      102932.      103012.      103090.      103181.      103280.      103357.      103399.      103417.      103456.      103536.      103634.      103693.      103660.      103533.      103355.      103179.      103033.    
  45.0000    |  102491.      102573.      102668.      102790.      102940.      103117.      103303.      103474.      103608.      103681.      103702.      103696.      103695.      103710.      103728.      103705.      103623.      103480.      103305.      103130.      102975.    
  47.5000    |  102473.      102544.      102622.      102735.      102902.      103125.      103378.      103618.      103795.      103882.      103881.      103822.      103740.      103666.      103599.      103529.      103437.      103313.      103162.      102996.      102825.    
  50.0000    |  102370.      102459.      102542.      102645.      102795.      103003.      103250.      103492.      103678.      103773.      103769.      103690.      103576.      103466.      103377.      103307.      103241.      103152.      103030.      102872.      102692.    
  52.5000    |  102123.      102250.      102363.      102477.      102611.      102776.      102968.      103160.      103314.      103403.      103418.      103374.      103303.      103232.      103181.      103149.      103116.      103062.      102967.      102834.      102675.    
  55.0000    |  101784.      101942.      102092.      102233.      102369.      102504.      102642.      102774.      102886.      102965.      103007.      103021.      103018.      103015.      103015.      103015.      103004.      102968.      102901.      102809.      102707.    
  57.5000    |  101468.      101632.      101802.      101962.      102107.      102235.      102349.      102449.      102537.      102613.      102675.      102725.      102766.      102795.      102812.      102812.      102793.      102757.      102713.      102667.      102630.    
  60.0000    |  101240.      101385.      101541.      101699.      101847.      101981.      102099.      102205.      102300.      102385.      102458.      102517.      102555.      102572.      102564.      102535.      102490.      102446.      102415.      102406.      102422.    
Jan 1984
               70.0000      72.5000      75.0000      77.5000      80.0000      82.5000      85.0000      87.5000      90.0000      92.5000      95.0000      97.5000     100.0000      102.500      105.000      107.500      110.000      112.500      115.000      117.500      120.000    
  40.0000    |  102667.      102832.      102984.      103077.      103099.      103092.      103109.      103171.      103246.      103271.      103226.      103158.      103151.      103242.      103384.      103473.      103446.      103320.      103164.      103024.      102903.    
  42.5000    |  102766.      102913.      103058.      103167.      103241.      103312.      103405.      103514.      103599.      103626.      103601.      103575.      103601.      103680.      103756.      103758.      103654.      103479.      103289.      103122.      102979.    
  45.0000    |  102927.      103025.      103134.      103242.      103358.      103496.      103657.      103813.      103921.      103963.      103957.      103944.      103952.      103968.      103950.      103861.      103699.      103499.      103303.      103132.      102980.    
  47.5000    |  103167.      103223.      103285.      103361.      103467.      103617.      103798.      103976.      104110.      104176.      104180.      104150.      104099.      104025.      103915.      103762.      103579.      103387.      103206.      103034.      102866.    
  50.0000    |  103350.      103394.      103424.      103459.      103523.      103630.      103777.      103936.      104068.      104144.      104156.      104107.      104014.      103888.      103738.      103579.      103420.      103264.      103107.      102938.      102757.    
  52.5000    |  103336.      103387.      103416.      103434.      103462.      103520.      103610.      103719.      103820.      103888.      103904.      103867.      103785.      103675.      103557.      103444.      103340.      103236.      103117.      102968.      102796.    
  55.0000    |  103134.      103193.      103235.      103264.      103287.      103320.      103370.      103434.      103502.      103555.      103581.      103574.      103540.      103487.      103432.      103383.      103336.      103281.      103202.      103094.      102964.    
  57.5000    |  102870.      102923.      102973.      103019.      103056.      103093.      103136.      103186.      103239.      103290.      103330.      103353.      103360.      103355.      103341.      103325.      103303.      103273.      103226.      103160.      103080.    
  60.0000    |  102618.      102656.      102702.      102755.      102809.      102868.      102931.      102998.      103067.      103133.      103189.      103228.      103250.      103251.      103237.      103213.      103182.      103147.      103110.      103072.      103031.    
 Jan 1985
               70.0000      72.5000      75.0000      77.5000      80.0000      82.5000      85.0000      87.5000      90.0000      92.5000      95.0000      97.5000     100.0000      102.500      105.000      107.500      110.000      112.500      115.000      117.500      120.000    
  40.0000    |  102506.      102633.      102758.      102861.      102927.      102959.      102985.      103027.      103082.      103117.      103101.      103049.      103015.      103048.      103135.      103213.      103219.      103149.      103043.      102949.      102873.    
  42.5000    |  102535.      102636.      102747.      102861.      102973.      103087.      103203.      103304.      103365.      103369.      103325.      103274.      103261.      103304.      103370.      103402.      103362.      103257.      103132.      103024.      102942.    
  45.0000    |  102665.      102741.      102829.      102941.      103088.      103271.      103464.      103624.      103706.      103693.      103613.      103518.      103456.      103443.      103452.      103440.      103381.      103283.      103169.      103065.      102975.    
  47.5000    |  102883.      102947.      103007.      103087.      103213.      103393.      103600.      103780.      103878.      103868.      103768.      103630.      103507.      103424.      103377.      103344.      103304.      103240.      103155.      103053.      102937.    
  50.0000    |  102992.      103061.      103104.      103149.      103226.      103354.      103516.      103670.      103764.      103765.      103678.      103544.      103407.      103306.      103250.      103231.      103226.      103206.      103150.      103050.      102910.    
  52.5000    |  102809.      102895.      102952.      102994.      103050.      103133.      103243.      103353.      103428.      103446.      103401.      103317.      103229.      103167.      103148.      103164.      103194.      103211.      103188.      103116.      103000.    
  55.0000    |  102362.      102463.      102549.      102622.      102695.      102774.      102861.      102946.      103013.      103050.      103057.      103041.      103024.      103021.      103042.      103086.      103137.      103182.      103201.      103190.      103148.    
  57.5000    |  101860.      101956.      102057.      102157.      102256.      102353.      102451.      102543.      102624.      102693.      102745.      102785.      102819.      102853.      102891.      102937.      102988.      103044.      103098.      103149.      103185.    
  60.0000    |  101481.      101553.      101641.      101743.      101854.      101971.      102092.      102213.      102329.      102437.      102532.      102609.      102668.      102712.      102745.      102773.      102807.      102851.      102913.      102986.      103056.    
Jan 1986
               70.0000      72.5000      75.0000      77.5000      80.0000      82.5000      85.0000      87.5000      90.0000      92.5000      95.0000      97.5000     100.0000      102.500      105.000      107.500      110.000      112.500      115.000      117.500      120.000    
  40.0000    |  102624.      102832.      103015.      103122.      103139.      103103.      103082.      103125.      103212.      103274.      103249.      103155.      103082.      103102.      103206.      103304.      103302.      103176.      102992.      102820.      102688.    
  42.5000    |  102572.      102750.      102922.      103044.      103108.      103149.      103207.      103294.      103377.      103410.      103372.      103303.      103274.      103324.      103419.      103480.      103434.      103283.      103079.      102888.      102737.    
  45.0000    |  102560.      102695.      102838.      102972.      103094.      103225.      103370.      103512.      103607.      103626.      103572.      103496.      103452.      103467.      103506.      103514.      103444.      103295.      103107.      102923.      102763.    
  47.5000    |  102637.      102740.      102848.      102960.      103092.      103257.      103448.      103627.      103746.      103775.      103718.      103624.      103539.      103490.      103462.      103425.      103347.      103223.      103061.      102881.      102697.    
  50.0000    |  102704.      102793.      102868.      102945.      103047.      103192.      103367.      103541.      103668.      103711.      103674.      103586.      103489.      103411.      103356.      103306.      103241.      103142.      103004.      102828.      102623.    
  52.5000    |  102643.      102720.      102783.      102845.      102923.      103031.      103165.      103303.      103410.      103462.      103456.      103410.      103352.      103303.      103269.      103240.      103198.      103128.      103019.      102870.      102688.    
  55.0000    |  102459.      102524.      102588.      102653.      102728.      102817.      102918.      103018.      103099.      103155.      103185.      103194.      103197.      103202.      103207.      103204.      103182.      103138.      103067.      102976.      102867.    
  57.5000    |  102259.      102302.      102359.      102427.      102504.      102587.      102670.      102749.      102823.      102888.      102947.      103000.      103049.      103088.      103110.      103109.      103087.      103049.      103007.      102971.      102938.    
  60.0000    |  102094.      102114.      102152.      102207.      102275.      102352.      102433.      102517.      102600.      102686.      102770.      102848.      102911.      102949.      102956.      102930.      102883.      102830.      102789.      102770.      102772.    
Jan 1987
               70.0000      72.5000      75.0000      77.5000      80.0000      82.5000      85.0000      87.5000      90.0000      92.5000      95.0000      97.5000     100.0000      102.500      105.000      107.500      110.000      112.500      115.000      117.500      120.000    
  40.0000    |  102670.      102848.      102982.      103062.      103092.      103100.      103118.      103171.      103249.      103304.      103285.      103197.      103100.      103063.      103100.      103154.      103148.      103062.      102935.      102828.      102756.    
  42.5000    |  102572.      102734.      102879.      102986.      103061.      103129.      103211.      103307.      103389.      103417.      103378.      103300.      103236.      103225.      103252.      103266.      103214.      103095.      102957.      102849.      102781.    
  45.0000    |  102512.      102638.      102770.      102894.      103017.      103152.      103301.      103445.      103547.      103570.      103512.      103413.      103320.      103267.      103245.      103220.      103161.      103067.      102961.      102872.      102802.    
  47.5000    |  102488.      102588.      102694.      102804.      102932.      103086.      103264.      103435.      103554.      103580.      103512.      103383.      103245.      103137.      103078.      103048.      103028.      102996.      102944.      102869.      102771.    
  50.0000    |  102390.      102480.      102567.      102657.      102767.      102905.      103071.      103235.      103353.      103388.      103330.      103207.      103068.      102959.      102907.      102908.      102939.      102959.      102940.      102862.      102731.    
  52.5000    |  102153.      102240.      102330.      102425.      102530.      102658.      102801.      102941.      103046.      103090.      103068.      102999.      102919.      102866.      102861.      102900.      102954.      102988.      102969.      102886.      102751.    
  55.0000    |  101841.      101926.      102030.      102147.      102273.      102403.      102533.      102650.      102739.      102793.      102815.      102813.      102813.      102828.      102867.      102919.      102963.      102979.      102950.      102881.      102790.    
  57.5000    |  101573.      101645.      101752.      101882.      102020.      102154.      102275.      102377.      102457.      102520.      102570.      102616.      102663.      102711.      102758.      102791.      102805.      102794.      102767.      102736.      102713.    
  60.0000    |  101393.      101444.      101532.      101646.      101774.      101901.      102015.      102115.      102199.      102273.      102339.      102399.      102451.      102491.      102509.      102507.      102487.      102460.      102442.      102448.      102480.    
Jan 1988
               70.0000      72.5000      75.0000      77.5000      80.0000      82.5000      85.0000      87.5000      90.0000      92.5000      95.0000      97.5000     100.0000      102.500      105.000      107.500      110.000      112.500      115.000      117.500      120.000    
  40.0000    |  102384.      102447.      102539.      102629.      102683.      102696.      102702.      102734.      102795.      102844.      102852.      102835.      102856.      102961.      103120.      103245.      103255.      103146.      102978.      102815.      102676.    
  42.5000    |  102456.      102525.      102628.      102735.      102826.      102896.      102959.      103029.      103097.      103142.      103154.      103156.      103189.      103270.      103366.      103412.      103361.      103220.      103030.      102836.      102659.    
  45.0000    |  102548.      102626.      102729.      102849.      102978.      103111.      103247.      103375.      103472.      103514.      103505.      103464.      103427.      103409.      103394.      103352.      103257.      103111.      102931.      102738.      102542.    
  47.5000    |  102620.      102696.      102779.      102878.      103006.      103165.      103349.      103529.      103666.      103726.      103701.      103612.      103495.      103374.      103262.      103148.      103024.      102881.      102710.      102519.      102310.    
  50.0000    |  102618.      102677.      102731.      102795.      102894.      103038.      103225.      103421.      103578.      103659.      103648.      103558.      103420.      103267.      103119.      102979.      102842.      102691.      102517.      102317.      102102.    
  52.5000    |  102504.      102550.      102594.      102644.      102722.      102841.      102996.      103162.      103303.      103386.      103397.      103347.      103255.      103145.      103033.      102917.      102789.      102640.      102467.      102275.      102081.    
  55.0000    |  102296.      102339.      102390.      102453.      102534.      102634.      102750.      102863.      102958.      103019.      103041.      103034.      103005.      102967.      102918.      102849.      102756.      102632.      102487.      102335.      102193.    
  57.5000    |  102075.      102109.      102165.      102236.      102318.      102405.      102487.      102556.      102608.      102641.      102658.      102668.      102676.      102677.      102664.      102629.      102567.      102478.      102377.      102280.      102199.    
  60.0000    |  101915.      101925.      101960.      102018.      102086.      102156.      102222.      102273.      102309.      102330.      102341.      102346.      102346.      102336.      102312.      102269.      102207.      102134.      102064.      102009.      101974.    
Jan 1989
               70.0000      72.5000      75.0000      77.5000      80.0000      82.5000      85.0000      87.5000      90.0000      92.5000      95.0000      97.5000     100.0000      102.500      105.000      107.500      110.000      112.500      115.000      117.500      120.000    
  40.0000    |  102514.      102599.      102685.      102740.      102743.      102715.      102701.      102744.      102837.      102920.      102949.      102923.      102912.      102971.      103092.      103217.      103277.      103255.      103177.      103077.      102967.    
  42.5000    |  102506.      102595.      102688.      102763.      102813.      102850.      102896.      102959.      103025.      103066.      103075.      103075.      103102.      103174.      103270.      103341.      103353.      103306.      103224.      103127.      103025.    
  45.0000    |  102462.      102546.      102633.      102721.      102819.      102935.      103064.      103185.      103266.      103291.      103272.      103244.      103237.      103263.      103297.      103308.      103283.      103225.      103150.      103064.      102968.    
  47.5000    |  102358.      102448.      102524.      102605.      102720.      102885.      103085.      103279.      103415.      103468.      103441.      103371.      103295.      103236.      103192.      103150.      103107.      103057.      102998.      102923.      102828.    
  50.0000    |  102126.      102235.      102312.      102387.      102496.      102666.      102887.      103117.      103300.      103396.      103395.      103324.      103221.      103117.      103036.      102980.      102945.      102918.      102882.      102822.      102733.    
  52.5000    |  101753.      101883.      101987.      102081.      102190.      102341.      102533.      102740.      102921.      103040.      103083.      103059.      103000.      102934.      102886.      102862.      102858.      102860.      102848.      102807.      102741.    
  55.0000    |  101334.      101476.      101614.      101740.      101864.      101998.      102145.      102300.      102443.      102558.      102636.      102677.      102696.      102707.      102722.      102744.      102768.      102786.      102786.      102766.      102730.    
  57.5000    |  100994.      101124.      101270.      101416.      101553.      101680.      101801.      101917.      102029.      102134.      102230.      102314.      102388.      102450.      102500.      102537.      102561.      102572.      102570.      102565.      102559.    
  60.0000    |  100778.      100871.      100991.      101125.      101259.      101387.      101507.      101623.      101734.      101847.      101953.      102052.      102135.      102196.      102235.      102251.      102249.      102243.      102237.      102245.      102268.          