Jan 1990
                70.0000      72.5000      75.0000      77.5000      80.0000      82.5000      85.0000      87.5000      90.0000      92.5000      95.0000      97.5000     100.0000      102.500      105.000      107.500      110.000      112.500      115.000      117.500      120.000    
  40.0000       102496.      102502.      102549.      102608.      102643.      102645.      102646.      102676.      102735.      102782.      102784.      102756.      102760.      102849.      103017.      103196.      103308.      103323.      103265.      103177.      103077.    
  42.5000       102686.      102711.      102764.      102828.      102887.      102935.      102978.      103017.      103044.      103041.      103019.      103012.      103065.      103191.      103354.      103485.      103529.      103481.      103381.      103270.      103169.    
  45.0000       102814.      102865.      102926.      102998.      103086.      103186.      103287.      103366.      103402.      103387.      103345.      103322.      103352.      103438.      103540.      103605.      103603.      103538.      103438.      103336.      103237.    
  47.5000       102837.      102902.      102957.      103019.      103108.      103231.      103374.      103506.      103588.      103605.      103570.      103520.      103491.      103493.      103514.      103525.      103512.      103471.      103405.      103316.      103200.    
  50.0000       102697.      102771.      102826.      102882.      102961.      103083.      103238.      103397.      103523.      103585.      103581.      103533.      103472.      103421.      103393.      103381.      103376.      103363.      103323.      103243.      103114.    
  52.5000       102374.      102472.      102557.      102638.      102730.      102846.      102989.      103141.      103276.      103367.      103405.      103397.      103364.      103327.      103303.      103297.      103301.      103301.      103276.      103213.      103108.    
  55.0000       101992.      102115.      102240.      102360.      102476.      102593.      102715.      102840.      102957.      103058.      103131.      103179.      103206.      103222.      103233.      103245.      103256.      103261.      103255.      103231.      103186.    
  57.5000       101758.      101881.      102017.      102149.      102271.      102383.      102484.      102583.      102680.      102778.      102871.      102955.      103025.      103079.      103114.      103134.      103143.      103151.      103163.      103180.      103200.    
  60.0000       101758.      101858.      101969.      102081.      102187.      102285.      102376.      102461.      102549.      102640.      102732.      102817.      102887.      102935.      102959.      102963.      102958.      102955.      102968.      103000.      103044. 
Jan 1991
               70.0000      72.5000      75.0000      77.5000      80.0000      82.5000      85.0000      87.5000      90.0000      92.5000      95.0000      97.5000     100.0000      102.500      105.000      107.500      110.000      112.500      115.000      117.500      120.000    
  40.0000    |  102657.      102767.      102845.      102870.      102833.      102756.      102689.      102682.      102740.      102820.      102864.      102859.      102849.      102889.      102993.      103115.      103190.      103188.      103125.      103035.      102935.    
  42.5000    |  102676.      102768.      102847.      102894.      102903.      102888.      102873.      102878.      102903.      102933.      102955.      102981.      103038.      103140.      103267.      103373.      103412.      103370.      103270.      103148.      103031.    
  45.0000    |  102698.      102782.      102863.      102937.      103005.      103069.      103129.      103178.      103204.      103207.      103200.      103205.      103248.      103331.      103430.      103503.      103519.      103466.      103357.      103223.      103088.    
  47.5000    |  102628.      102716.      102794.      102873.      102966.      103080.      103209.      103331.      103420.      103463.      103463.      103443.      103429.      103438.      103466.      103494.      103497.      103453.      103356.      103214.      103051.    
  50.0000    |  102343.      102446.      102534.      102618.      102717.      102850.      103017.      103204.      103373.      103493.      103544.      103536.      103492.      103444.      103417.      103413.      103414.      103390.      103315.      103180.      103003.    
  52.5000    |  101861.      101988.      102107.      102218.      102333.      102471.      102646.      102852.      103060.      103234.      103345.      103385.      103371.      103336.      103313.      103319.      103341.      103350.      103311.      103211.      103060.    
  55.0000    |  101339.      101482.      101634.      101780.      101918.      102061.      102223.      102410.      102609.      102798.      102951.      103052.      103110.      103142.      103174.      103221.      103277.      103322.      103330.      103287.      103200.    
  57.5000    |  100930.      101066.      101227.      101388.      101542.      101689.      101843.      102010.      102194.      102384.      102564.      102718.      102843.      102941.      103024.      103101.      103172.      103230.      103266.      103270.      103245.    
  60.0000    |  100667.      100781.      100927.      101084.      101243.      101403.      101569.      101748.      101942.      102144.      102344.      102526.      102678.      102797.      102886.      102950.      102998.      103033.      103060.      103076.      103084.    
Jan 1992
               70.0000      72.5000      75.0000      77.5000      80.0000      82.5000      85.0000      87.5000      90.0000      92.5000      95.0000      97.5000     100.0000      102.500      105.000      107.500      110.000      112.500      115.000      117.500      120.000    
  40.0000    |  102452.      102603.      102749.      102839.      102852.      102812.      102778.      102800.      102876.      102955.      102988.      102979.      102981.      103055.      103195.      103328.      103376.      103312.      103164.      102996.      102843.    
  42.5000    |  102513.      102658.      102801.      102910.      102970.      102999.      103026.      103065.      103108.      103130.      103129.      103128.      103173.      103281.      103419.      103522.      103531.      103436.      103273.      103093.      102929.    
  45.0000    |  102513.      102633.      102752.      102860.      102965.      103080.      103209.      103333.      103418.      103445.      103417.      103377.      103364.      103397.      103452.      103486.      103466.      103379.      103245.      103091.      102937.    
  47.5000    |  102446.      102548.      102637.      102722.      102834.      102991.      103191.      103396.      103552.      103620.      103596.      103514.      103420.      103349.      103312.      103290.      103264.      103212.      103123.      103001.      102854.    
  50.0000    |  102269.      102382.      102465.      102541.      102638.      102789.      102991.      103215.      103402.      103504.      103506.      103427.      103311.      103207.      103140.      103111.      103103.      103085.      103030.      102927.      102780.    
  52.5000    |  101921.      102066.      102180.      102276.      102379.      102511.      102679.      102865.      103033.      103144.      103182.      103156.      103098.      103044.      103018.      103023.      103040.      103040.      102997.      102901.      102767.    
  55.0000    |  101444.      101602.      101752.      101886.      102010.      102140.      102278.      102423.      102557.      102667.      102742.      102784.      102811.      102839.      102874.      102913.      102941.      102938.      102893.      102814.      102712.    
  57.5000    |  101002.      101138.      101286.      101432.      101574.      101708.      101836.      101961.      102081.      102190.      102290.      102381.      102463.      102540.      102603.      102648.      102665.      102650.      102609.      102553.      102502.    
  60.0000    |  100735.      100825.      100937.      101064.      101196.      101329.      101459.      101583.      101703.      101816.      101923.      102023.      102113.      102184.      102235.      102258.      102257.      102235.      102207.      102188.      102186.  
Jan 1993
               70.0000      72.5000      75.0000      77.5000      80.0000      82.5000      85.0000      87.5000      90.0000      92.5000      95.0000      97.5000     100.0000      102.500      105.000      107.500      110.000      112.500      115.000      117.500      120.000    
  40.0000    |  102787.      102988.      103140.      103199.      103160.      103081.      103040.      103086.      103187.      103274.      103283.      103237.      103216.      103287.      103431.      103556.      103579.      103484.      103326.      103161.      103013.    
  42.5000    |  102771.      102939.      103074.      103147.      103161.      103155.      103174.      103238.      103323.      103388.      103410.      103416.      103459.      103558.      103689.      103781.      103776.      103669.      103498.      103311.      103137.    
  45.0000    |  102722.      102834.      102936.      103023.      103105.      103197.      103311.      103434.      103540.      103600.      103622.      103629.      103660.      103726.      103802.      103844.      103818.      103717.      103560.      103377.      103191.    
  47.5000    |  102627.      102717.      102802.      102899.      103026.      103194.      103393.      103592.      103746.      103830.      103843.      103813.      103774.      103747.      103732.      103715.      103672.      103592.      103467.      103305.      103117.    
  50.0000    |  102418.      102525.      102617.      102718.      102854.      103042.      103273.      103510.      103707.      103824.      103850.      103800.      103713.      103620.      103548.      103500.      103464.      103417.      103332.      103197.      103023.    
  52.5000    |  102065.      102202.      102318.      102426.      102550.      102715.      102917.      103137.      103337.      103478.      103541.      103532.      103476.      103410.      103360.      103340.      103337.      103326.      103275.      103172.      103024.    
  55.0000    |  101626.      101785.      101926.      102050.      102170.      102304.      102461.      102635.      102808.      102954.      103057.      103115.      103140.      103155.      103175.      103206.      103237.      103249.      103221.      103144.      103027.    
  57.5000    |  101191.      101353.      101512.      101653.      101785.      101912.      102043.      102183.      102325.      102460.      102580.      102680.      102761.      102830.      102889.      102938.      102972.      102979.      102954.      102896.      102816.    
  60.0000    |  100811.      100955.      101107.      101259.      101405.      101545.      101683.      101818.      101949.      102076.      102189.      102286.      102365.      102426.      102466.      102488.      102489.      102473.      102444.      102407.      102372.    
Jan 1994
               70.0000      72.5000      75.0000      77.5000      80.0000      82.5000      85.0000      87.5000      90.0000      92.5000      95.0000      97.5000     100.0000      102.500      105.000      107.500      110.000      112.500      115.000      117.500      120.000    
  40.0000    |  102609.      102822.      103011.      103110.      103093.      103006.      102931.      102930.      102986.      103031.      103009.      102938.      102892.      102919.      102996.      103041.      102994.      102864.      102715.      102595.      102504.    
  42.5000    |  102644.      102838.      103020.      103138.      103167.      103146.      103132.      103159.      103211.      103240.      103218.      103163.      103126.      103131.      103157.      103150.      103075.      102945.      102800.      102671.      102566.    
  45.0000    |  102710.      102844.      102973.      103074.      103142.      103201.      103273.      103357.      103427.      103445.      103402.      103324.      103247.      103193.      103155.      103104.      103023.      102919.      102805.      102699.      102602.    
  47.5000    |  102817.      102897.      102965.      103029.      103104.      103206.      103338.      103468.      103555.      103564.      103488.      103359.      103221.      103103.      103012.      102940.      102874.      102806.      102730.      102648.      102560.    
  50.0000    |  102834.      102894.      102929.      102962.      103021.      103124.      103262.      103393.      103474.      103467.      103373.      103223.      103063.      102927.      102833.      102774.      102735.      102697.      102646.      102578.      102498.    
  52.5000    |  102636.      102693.      102724.      102752.      102799.      102879.      102984.      103084.      103140.      103131.      103059.      102952.      102843.      102761.      102713.      102691.      102679.      102660.      102624.      102574.      102520.    
  55.0000    |  102261.      102311.      102350.      102386.      102434.      102497.      102573.      102642.      102688.      102702.      102687.      102662.      102643.      102640.      102650.      102665.      102669.      102659.      102638.      102616.      102608.    
  57.5000    |  101873.      101915.      101959.      102008.      102067.      102133.      102203.      102270.      102329.      102377.      102419.      102460.      102502.      102545.      102581.      102600.      102601.      102591.      102586.      102596.      102633.    
  60.0000    |  101576.      101621.      101676.      101743.      101822.      101908.      101998.      102085.      102169.      102244.      102312.      102373.      102423.      102458.      102473.      102467.      102452.      102438.      102442.      102475.      102535.    
Jan 1995
               70.0000      72.5000      75.0000      77.5000      80.0000      82.5000      85.0000      87.5000      90.0000      92.5000      95.0000      97.5000     100.0000      102.500      105.000      107.500      110.000      112.500      115.000      117.500      120.000    
  40.0000    |  102896.      103145.      103355.      103471.      103470.      103386.      103297.      103272.      103326.      103406.      103443.      103414.      103364.      103351.      103385.      103417.      103388.      103277.      103112.      102935.      102766.    
  42.5000    |  102916.      103104.      103278.      103400.      103454.      103465.      103475.      103510.      103568.      103616.      103623.      103594.      103562.      103556.      103571.      103570.      103515.      103393.      103214.      103011.      102802.    
  45.0000    |  103035.      103138.      103249.      103360.      103472.      103593.      103721.      103841.      103926.      103948.      103910.      103834.      103754.      103691.      103643.      103584.      103493.      103359.      103181.      102971.      102745.    
  47.5000    |  103227.      103268.      103313.      103383.      103495.      103656.      103843.      104016.      104128.      104151.      104085.      103960.      103815.      103675.      103549.      103431.      103310.      103170.      103002.      102802.      102577.    
  50.0000    |  103323.      103341.      103347.      103370.      103438.      103565.      103732.      103897.      104011.      104040.      103977.      103845.      103675.      103501.      103337.      103196.      103069.      102942.      102797.      102624.      102421.    
  52.5000    |  103203.      103225.      103229.      103233.      103264.      103336.      103441.      103552.      103635.      103658.      103614.      103511.      103375.      103228.      103092.      102975.      102876.      102782.      102674.      102542.      102380.    
  55.0000    |  102907.      102938.      102959.      102974.      102992.      103025.      103072.      103121.      103156.      103163.      103135.      103075.      102995.      102909.      102828.      102759.      102696.      102637.      102570.      102485.      102383.    
  57.5000    |  102564.      102592.      102623.      102648.      102666.      102681.      102692.      102699.      102699.      102690.      102670.      102638.      102598.      102554.      102507.      102459.      102417.      102377.      102339.      102303.      102265.    
  60.0000    |  102245.      102258.      102280.      102301.      102317.      102329.      102333.      102331.      102326.      102315.      102298.      102272.      102238.      102193.      102140.      102085.      102034.      101996.      101977.      101980.      101999. 
Jan 1996
               70.0000      72.5000      75.0000      77.5000      80.0000      82.5000      85.0000      87.5000      90.0000      92.5000      95.0000      97.5000     100.0000      102.500      105.000      107.500      110.000      112.500      115.000      117.500      120.000    
  40.0000    |  102915.      103030.      103117.      103138.      103093.      103027.      102989.      103003.      103035.      103034.      102983.      102921.      102919.      103003.      103131.      103214.      103205.      103111.      102986.      102864.      102745.    
  42.5000    |  103008.      103092.      103173.      103228.      103259.      103283.      103316.      103348.      103351.      103306.      103237.      103195.      103223.      103316.      103416.      103454.      103401.      103276.      103121.      102965.      102812.    
  45.0000    |  103146.      103188.      103245.      103315.      103406.      103515.      103626.      103701.      103706.      103638.      103540.      103467.      103456.      103498.      103542.      103534.      103457.      103323.      103161.      102990.      102817.    
  47.5000    |  103339.      103354.      103377.      103426.      103519.      103654.      103806.      103923.      103962.      103911.      103800.      103682.      103596.      103545.      103505.      103446.      103350.      103218.      103057.      102880.      102692.    
  50.0000    |  103432.      103439.      103437.      103453.      103512.      103624.      103769.      103906.      103980.      103970.      103883.      103752.      103617.      103496.      103393.      103294.      103184.      103055.      102900.      102724.      102536.    
  52.5000    |  103288.      103295.      103290.      103291.      103323.      103398.      103509.      103628.      103714.      103736.      103692.      103596.      103478.      103359.      103253.      103158.      103062.      102951.      102820.      102669.      102515.    
  55.0000    |  102964.      102967.      102971.      102979.      103003.      103050.      103119.      103197.      103262.      103292.      103283.      103240.      103181.      103120.      103064.      103012.      102957.      102889.      102806.      102711.      102614.    
  57.5000    |  102629.      102623.      102632.      102650.      102676.      102708.      102748.      102789.      102822.      102842.      102847.      102842.      102828.      102815.      102801.      102787.      102766.      102735.      102700.      102661.      102626.    
  60.0000    |  102359.      102343.      102346.      102366.      102397.      102433.      102468.      102500.      102524.      102542.      102549.      102550.      102543.      102531.      102515.      102492.      102468.      102444.      102426.      102418.      102421. 
Jan 1997
               70.0000      72.5000      75.0000      77.5000      80.0000      82.5000      85.0000      87.5000      90.0000      92.5000      95.0000      97.5000     100.0000      102.500      105.000      107.500      110.000      112.500      115.000      117.500      120.000    
  40.0000    |  102470.      102681.      102832.      102868.      102795.      102673.      102585.      102577.      102633.      102688.      102694.      102659.      102644.      102700.      102822.      102939.      102990.      102958.      102879.      102789.      102698.    
  42.5000    |  102356.      102487.      102596.      102664.      102695.      102723.      102766.      102823.      102870.      102881.      102859.      102838.      102865.      102947.      103054.      103128.      103134.      103074.      102982.      102881.      102777.    
  45.0000    |  102278.      102359.      102443.      102542.      102666.      102815.      102974.      103103.      103171.      103168.      103123.      103080.      103077.      103119.      103178.      103215.      103208.      103156.      103072.      102964.      102834.    
  47.5000    |  102184.      102269.      102358.      102472.      102629.      102827.      103037.      103213.      103315.      103329.      103279.      103208.      103151.      103129.      103136.      103158.      103171.      103155.      103091.      102968.      102792.    
  50.0000    |  101956.      102064.      102169.      102290.      102442.      102631.      102838.      103025.      103155.      103209.      103188.      103122.      103049.      103002.      102997.      103030.      103076.      103097.      103052.      102923.      102719.    
  52.5000    |  101584.      101704.      101825.      101950.      102092.      102253.      102431.      102604.      102747.      102837.      102871.      102861.      102837.      102831.      102860.      102930.      103010.      103060.      103041.      102932.      102756.    
  55.0000    |  101220.      101333.      101458.      101587.      101720.      101858.      102003.      102148.      102285.      102398.      102484.      102547.      102605.      102672.      102760.      102865.      102968.      103040.      103054.      103004.      102903.    
  57.5000    |  101017.      101108.      101221.      101345.      101469.      101592.      101713.      101836.      101960.      102081.      102200.      102315.      102428.      102544.      102662.      102775.      102875.      102950.      102992.      103003.      102989.    
  60.0000    |  100951.      101016.      101107.      101214.      101331.      101450.      101571.      101694.      101821.      101952.      102084.      102215.      102339.      102452.      102552.      102634.      102702.      102756.      102801.      102844.      102888.    
Jan 1998
		70.0000      72.5000      75.0000      77.5000      80.0000      82.5000      85.0000      87.5000      90.0000      92.5000      95.0000      97.5000     100.0000      102.500      105.000      107.500      110.000      112.500      115.000      117.500      120.000    
  40.0000       102348.      102479.      102577.      102622.      102630.      102631.      102655.      102704.      102761.      102801.      102824.      102856.      102923.      103025.      103128.      103184.      103170.      103102.      103014.      102922.      102824.    
  42.5000       102436.      102545.      102632.      102700.      102774.      102875.      102998.      103104.      103162.      103173.      103173.      103211.      103305.      103418.      103489.      103472.      103374.      103239.      103115.      103011.      102911.    
  45.0000       102615.      102708.      102784.      102869.      102998.      103184.      103393.      103562.      103645.      103643.      103612.      103612.      103661.      103725.      103741.      103673.      103534.      103372.      103228.      103105.      102989.    
  47.5000       102838.      102925.      102984.      103052.      103175.      103366.      103592.      103787.      103894.      103904.      103862.      103823.      103813.      103814.      103789.      103708.      103576.      103420.      103262.      103104.      102941.    
  50.0000       103014.      103105.      103155.      103197.      103277.      103415.      103593.      103760.      103866.      103891.      103857.      103800.      103755.      103719.      103676.      103607.      103502.      103366.      103204.      103018.      102816.    
  52.5000       103052.      103160.      103226.      103269.      103321.      103402.      103510.      103616.      103690.      103712.      103689.      103643.      103596.      103557.      103520.      103472.      103401.      103295.      103155.      102987.      102803.    
  55.0000       102914.      103037.      103131.      103199.      103250.      103300.      103352.      103401.      103436.      103449.      103442.      103422.      103403.      103387.      103374.      103353.      103316.      103255.      103170.      103067.      102954.    
  57.5000       102648.      102764.      102868.      102950.      103009.      103049.      103080.      103105.      103128.      103149.      103168.      103186.      103203.      103217.      103224.      103222.      103209.      103186.      103156.      103120.      103080.    
  60.0000       102348.      102436.      102521.      102597.      102660.      102713.      102757.      102803.      102852.      102906.      102959.      103009.      103047.      103071.      103077.      103067.      103049.      103030.      103016.      103010.      103004.
Jan 1999
		70.0000      72.5000      75.0000      77.5000      80.0000      82.5000      85.0000      87.5000      90.0000      92.5000      95.0000      97.5000     100.0000      102.500      105.000      107.500      110.000      112.500      115.000      117.500      120.000    
  40.0000       102563.      102722.      102886.      103006.      103035.      102974.      102882.      102839.      102881.      102966.      103016.      102996.      102947.      102936.      102986.      103040.      103027.      102922.      102769.      102627.      102514.    
  42.5000       102622.      102788.      102959.      103094.      103170.      103194.      103206.      103234.      103278.      103310.      103297.      103247.      103202.      103201.      103234.      103247.      103190.      103058.      102888.      102721.      102574.    
  45.0000       102658.      102789.      102925.      103053.      103177.      103300.      103424.      103533.      103594.      103586.      103515.      103417.      103347.      103320.      103320.      103297.      103215.      103074.      102902.      102726.      102555.    
  47.5000       102715.      102797.      102873.      102961.      103081.      103239.      103416.      103568.      103649.      103636.      103551.      103441.      103353.      103300.      103266.      103212.      103111.      102962.      102783.      102588.      102389.    
  50.0000       102696.      102752.      102790.      102837.      102921.      103054.      103217.      103367.      103459.      103472.      103423.      103349.      103282.      103231.      103183.      103108.      102994.      102835.      102645.      102436.      102218.    
  52.5000       102491.      102552.      102593.      102636.      102703.      102804.      102933.      103055.      103146.      103193.      103200.      103188.      103172.      103154.      103121.      103055.      102948.      102805.      102631.      102443.      102248.    
  55.0000       102167.      102241.      102310.      102380.      102459.      102553.      102656.      102756.      102839.      102903.      102951.      102989.      103020.      103040.      103036.      103001.      102932.      102832.      102714.      102582.      102444.    
  57.5000       101932.      102007.      102094.      102185.      102284.      102381.      102475.      102561.      102636.      102700.      102758.      102813.      102858.      102892.      102905.      102893.      102856.      102801.      102733.      102657.      102576.    
  60.0000       101881.      101946.      102028.      102122.      102222.      102322.      102417.      102503.      102577.      102641.      102696.      102744.      102779.      102798.      102798.      102779.      102742.      102691.      102637.      102580.      102522.    

    