Jan 2000
               70.0000      72.5000      75.0000      77.5000      80.0000      82.5000      85.0000      87.5000      90.0000      92.5000      95.0000      97.5000     100.0000      102.500      105.000      107.500      110.000      112.500      115.000      117.500      120.000    
  40.0000    |  102407.      102535.      102644.      102718.      102745.      102736.      102724.      102737.      102785.      102844.      102887.      102920.      102982.      103102.      103261.      103396.      103450.      103411.      103319.      103209.      103089.    
  42.5000    |  102443.      102554.      102666.      102782.      102906.      103031.      103139.      103210.      103234.      103232.      103241.      103308.      103445.      103617.      103755.      103800.      103739.      103612.      103473.      103350.      103230.    
  45.0000    |  102543.      102620.      102703.      102816.      102982.      103192.      103401.      103555.      103629.      103644.      103662.      103738.      103874.      104016.      104094.      104057.      103925.      103752.      103591.      103453.      103321.    
  47.5000    |  102660.      102720.      102772.      102851.      102996.      103208.      103451.      103665.      103808.      103885.      103937.      104006.      104093.      104162.      104168.      104087.      103942.      103774.      103610.      103453.      103283.    
  50.0000    |  102659.      102728.      102777.      102836.      102947.      103123.      103347.      103571.      103758.      103886.      103973.      104035.      104080.      104095.      104068.      103991.      103878.      103744.      103594.      103419.      103214.    
  52.5000    |  102479.      102570.      102645.      102718.      102820.      102965.      103149.      103352.      103539.      103691.      103803.      103880.      103929.      103951.      103946.      103916.      103864.      103784.      103666.      103503.      103298.    
  55.0000    |  102213.      102324.      102430.      102533.      102645.      102775.      102926.      103092.      103257.      103411.      103544.      103653.      103740.      103808.      103857.      103887.      103892.      103866.      103797.      103678.      103521.    
  57.5000    |  102010.      102131.      102254.      102377.      102500.      102625.      102757.      102897.      103043.      103189.      103331.      103461.      103575.      103671.      103747.      103802.      103830.      103830.      103796.      103731.      103639.    
  60.0000    |  101909.      102033.      102163.      102293.      102424.      102554.      102687.      102825.      102967.      103107.      103242.      103363.      103463.      103539.      103588.      103612.      103614.      103599.      103572.      103538.      103503.  
Jan 2001
               70.0000      72.5000      75.0000      77.5000      80.0000      82.5000      85.0000      87.5000      90.0000      92.5000      95.0000      97.5000     100.0000      102.500      105.000      107.500      110.000      112.500      115.000      117.500      120.000    
  40.0000    |  102816.      102853.      102886.      102899.      102884.      102840.      102792.      102765.      102766.      102775.      102758.      102707.      102643.      102604.      102616.      102670.      102736.      102777.      102775.      102735.      102671.    
  42.5000    |  102885.      102948.      103007.      103044.      103064.      103071.      103073.      103067.      103036.      102973.      102886.      102806.      102765.      102779.      102838.      102904.      102941.      102935.      102891.      102827.      102760.    
  45.0000    |  102911.      102990.      103058.      103116.      103168.      103224.      103276.      103300.      103272.      103190.      103084.      103003.      102987.      103032.      103107.      103161.      103159.      103100.      103005.      102906.      102818.    
  47.5000    |  102883.      102952.      103009.      103058.      103118.      103200.      103292.      103362.      103378.      103334.      103258.      103198.      103187.      103225.      103274.      103292.      103254.      103158.      103029.      102892.      102763.    
  50.0000    |  102724.      102776.      102818.      102857.      102918.      103013.      103130.      103241.      103308.      103322.      103297.      103265.      103257.      103270.      103287.      103277.      103223.      103123.      102987.      102832.      102674.    
  52.5000    |  102422.      102472.      102521.      102576.      102654.      102759.      102886.      103011.      103109.      103166.      103189.      103198.      103210.      103228.      103244.      103240.      103202.      103129.      103019.      102885.      102737.    
  55.0000    |  102093.      102157.      102233.      102320.      102419.      102533.      102653.      102768.      102866.      102944.      103006.      103061.      103115.      103169.      103213.      103236.      103232.      103198.      103137.      103053.      102956.    
  57.5000    |  101904.      101976.      102066.      102169.      102274.      102379.      102479.      102571.      102656.      102738.      102820.      102906.      102992.      103071.      103133.      103172.      103185.      103177.      103155.      103126.      103091.    
  60.0000    |  101888.      101953.      102034.      102122.      102212.      102299.      102380.      102456.      102532.      102609.      102694.      102779.      102859.      102923.      102966.      102986.      102986.      102978.      102970.      102971.      102981.   
Jan 2002
               70.0000      72.5000      75.0000      77.5000      80.0000      82.5000      85.0000      87.5000      90.0000      92.5000      95.0000      97.5000     100.0000      102.500      105.000      107.500      110.000      112.500      115.000      117.500      120.000    
  40.0000    |  102647.      102816.      102974.      103082.      103100.      103035.      102955.      102938.      103013.      103121.      103176.      103137.      103040.      102956.      102912.      102886.      102829.      102731.      102619.      102523.      102439.    
  42.5000    |  102612.      102789.      102952.      103066.      103113.      103111.      103095.      103104.      103143.      103183.      103196.      103179.      103158.      103150.      103142.      103097.      102993.      102844.      102693.      102572.      102476.    
  45.0000    |  102527.      102672.      102811.      102927.      103025.      103115.      103205.      103288.      103347.      103367.      103354.      103330.      103319.      103316.      103293.      103213.      103069.      102888.      102712.      102570.      102458.    
  47.5000    |  102426.      102535.      102635.      102736.      102854.      103004.      103176.      103336.      103448.      103486.      103462.      103403.      103341.      103282.      103208.      103101.      102958.      102797.      102640.      102503.      102383.    
  50.0000    |  102232.      102325.      102402.      102485.      102596.      102756.      102953.      103146.      103289.      103346.      103318.      103231.      103121.      103014.      102918.      102828.      102741.      102653.      102561.      102465.      102359.    
  52.5000    |  101859.      101953.      102033.      102117.      102221.      102362.      102536.      102710.      102845.      102910.      102899.      102830.      102737.      102651.      102594.      102567.      102563.      102563.      102548.      102506.      102433.    
  55.0000    |  101355.      101450.      101547.      101644.      101748.      101868.      102003.      102137.      102247.      102318.      102344.      102334.      102312.      102300.      102314.      102353.      102408.      102459.      102488.      102486.      102454.    
  57.5000    |  100886.      100975.      101077.      101184.      101290.      101394.      101498.      101599.      101690.      101767.      101826.      101872.      101915.      101961.      102013.      102074.      102132.      102183.      102217.      102235.      102246.    
  60.0000    |  100564.      100640.      100735.      100838.      100940.      101040.      101134.      101225.      101311.      101394.      101470.      101539.      101599.      101651.      101694.      101728.      101755.      101778.      101802.      101838.      101891.    
Jan 2003
               70.0000      72.5000      75.0000      77.5000      80.0000      82.5000      85.0000      87.5000      90.0000      92.5000      95.0000      97.5000     100.0000      102.500      105.000      107.500      110.000      112.500      115.000      117.500      120.000    
  40.0000    |  102465.      102654.      102849.      102995.      103047.      103008.      102940.      102911.      102948.      103009.      103036.      103016.      102995.      103033.      103137.      103243.      103267.      103176.      103010.      102840.      102706.    
  42.5000    |  102444.      102623.      102815.      102972.      103062.      103097.      103115.      103151.      103206.      103253.      103270.      103264.      103278.      103339.      103424.      103474.      103429.      103282.      103084.      102900.      102759.    
  45.0000    |  102493.      102622.      102759.      102881.      102984.      103079.      103184.      103298.      103397.      103457.      103469.      103460.      103462.      103491.      103527.      103522.      103442.      103290.      103106.      102933.      102792.    
  47.5000    |  102573.      102653.      102724.      102786.      102863.      102975.      103126.      103294.      103433.      103513.      103523.      103489.      103448.      103420.      103403.      103369.      103298.      103183.      103042.      102889.      102740.    
  50.0000    |  102563.      102626.      102662.      102693.      102746.      102847.      102998.      103168.      103313.      103391.      103394.      103343.      103273.      103214.      103173.      103145.      103108.      103045.      102947.      102818.      102669.    
  52.5000    |  102349.      102424.      102478.      102522.      102580.      102670.      102792.      102926.      103039.      103102.      103107.      103073.      103024.      102987.      102974.      102978.      102982.      102962.      102904.      102808.      102684.    
  55.0000    |  101931.      102023.      102109.      102189.      102271.      102358.      102454.      102548.      102628.      102682.      102713.      102726.      102740.      102766.      102807.      102851.      102887.      102898.      102875.      102821.      102749.    
  57.5000    |  101434.      101524.      101624.      101727.      101827.      101923.      102013.      102095.      102170.      102239.      102306.      102373.      102445.      102520.      102592.      102655.      102700.      102724.      102726.      102716.      102699.    
  60.0000    |  101008.      101078.      101166.      101269.      101378.      101488.      101596.      101701.      101803.      101903.      102001.      102097.      102185.      102263.      102325.      102372.      102401.      102421.      102438.      102458.      102487.  
Jan 2004
               70.0000      72.5000      75.0000      77.5000      80.0000      82.5000      85.0000      87.5000      90.0000      92.5000      95.0000      97.5000     100.0000      102.500      105.000      107.500      110.000      112.500      115.000      117.500      120.000    
  40.0000    |  102157.      102320.      102490.      102620.      102674.      102665.      102640.      102647.      102708.      102802.      102893.      102966.      103029.      103101.      103170.      103203.      103176.      103093.      102978.      102858.      102737.    
  42.5000    |  102235.      102403.      102595.      102765.      102887.      102964.      103014.      103056.      103102.      103156.      103224.      103307.      103398.      103476.      103510.      103475.      103374.      103237.      103090.      102949.      102811.    
  45.0000    |  102465.      102593.      102733.      102871.      103003.      103136.      103270.      103385.      103472.      103528.      103567.      103607.      103652.      103677.      103658.      103580.      103452.      103299.      103143.      102994.      102848.    
  47.5000    |  102757.      102824.      102878.      102932.      103016.      103150.      103323.      103501.      103638.      103711.      103726.      103708.      103677.      103637.      103580.      103492.      103376.      103237.      103083.      102921.      102757.    
  50.0000    |  102950.      102981.      102981.      102977.      103011.      103115.      103280.      103462.      103607.      103678.      103674.      103619.      103549.      103482.      103423.      103355.      103264.      103140.      102984.      102804.      102624.    
  52.5000    |  102952.      102983.      102987.      102983.      103012.      103091.      103214.      103347.      103449.      103491.      103474.      103424.      103372.      103334.      103310.      103280.      103217.      103106.      102952.      102774.      102609.    
  55.0000    |  102791.      102834.      102866.      102896.      102937.      102999.      103071.      103138.      103180.      103189.      103172.      103152.      103145.      103159.      103179.      103182.      103143.      103055.      102932.      102799.      102692.    
  57.5000    |  102569.      102603.      102644.      102687.      102733.      102776.      102812.      102834.      102840.      102833.      102826.      102831.      102853.      102888.      102918.      102930.      102903.      102847.      102778.      102720.      102699.    
  60.0000    |  102335.      102346.      102368.      102399.      102435.      102470.      102501.      102521.      102532.      102537.      102543.      102555.      102571.      102585.      102590.      102579.      102553.      102522.      102503.      102515.      102563.    
Jan 2005
               70.0000      72.5000      75.0000      77.5000      80.0000      82.5000      85.0000      87.5000      90.0000      92.5000      95.0000      97.5000     100.0000      102.500      105.000      107.500      110.000      112.500      115.000      117.500      120.000    
  40.0000    |  102376.      102431.      102489.      102534.      102556.      102554.      102544.      102546.      102560.      102580.      102600.      102638.      102718.      102847.      102993.      103098.      103120.      103059.      102948.      102824.      102690.    
  42.5000    |  102407.      102492.      102582.      102664.      102742.      102825.      102906.      102973.      103013.      103028.      103045.      103095.      103191.      103306.      103391.      103401.      103328.      103196.      103044.      102890.      102736.    
  45.0000    |  102622.      102727.      102819.      102905.      103002.      103119.      103244.      103346.      103402.      103414.      103420.      103451.      103514.      103581.      103602.      103550.      103432.      103276.      103110.      102940.      102759.    
  47.5000    |  102951.      103048.      103114.      103167.      103237.      103344.      103474.      103590.      103655.      103668.      103649.      103631.      103626.      103622.      103593.      103519.      103406.      103264.      103102.      102916.      102701.    
  50.0000    |  103145.      103214.      103245.      103266.      103313.      103407.      103537.      103663.      103744.      103764.      103729.      103672.      103613.      103557.      103499.      103430.      103337.      103218.      103061.      102862.      102629.    
  52.5000    |  103051.      103090.      103105.      103124.      103171.      103265.      103391.      103517.      103604.      103636.      103617.      103568.      103513.      103463.      103421.      103372.      103303.      103199.      103056.      102874.      102673.    
  55.0000    |  102783.      102805.      102824.      102853.      102906.      102987.      103084.      103178.      103248.      103287.      103298.      103298.      103300.      103306.      103311.      103298.      103256.      103177.      103068.      102940.      102816.    
  57.5000    |  102563.      102580.      102603.      102634.      102676.      102723.      102774.      102820.      102858.      102891.      102929.      102975.      103031.      103088.      103133.      103146.      103125.      103071.      103002.      102940.      102897.    
  60.0000    |  102448.      102465.      102485.      102509.      102538.      102566.      102593.      102619.      102647.      102684.      102733.      102794.      102861.      102920.      102957.      102964.      102938.      102895.      102852.      102827.      102832.    
Jan 2006
               70.0000      72.5000      75.0000      77.5000      80.0000      82.5000      85.0000      87.5000      90.0000      92.5000      95.0000      97.5000     100.0000      102.500      105.000      107.500      110.000      112.500      115.000      117.500      120.000    
  40.0000    |  102549.      102532.      102595.      102700.      102779.      102792.      102757.      102720.      102703.      102698.      102684.      102674.      102702.      102791.      102908.      102995.      103012.      102975.      102926.      102891.      102853.    
  42.5000    |  102706.      102734.      102827.      102955.      103072.      103145.      103181.      103199.      103212.      103218.      103210.      103196.      103196.      103213.      103232.      103225.      103182.      103121.      103068.      103025.      102970.    
  45.0000    |  102929.      102972.      103046.      103128.      103207.      103268.      103318.      103357.      103389.      103409.      103415.      103412.      103410.      103408.      103395.      103362.      103312.      103257.      103202.      103141.      103058.    
  47.5000    |  103136.      103180.      103209.      103224.      103235.      103252.      103280.      103318.      103354.      103377.      103387.      103388.      103386.      103386.      103382.      103370.      103347.      103310.      103255.      103169.      103046.    
  50.0000    |  103171.      103220.      103239.      103238.      103234.      103244.      103270.      103304.      103332.      103342.      103330.      103310.      103292.      103287.      103291.      103300.      103300.      103278.      103220.      103118.      102977.    
  52.5000    |  102985.      103038.      103083.      103121.      103164.      103214.      103264.      103303.      103320.      103308.      103278.      103244.      103221.      103218.      103232.      103251.      103256.      103234.      103177.      103086.      102973.    
  55.0000    |  102725.      102770.      102832.      102910.      102995.      103076.      103143.      103183.      103195.      103187.      103170.      103163.      103175.      103204.      103239.      103263.      103264.      103238.      103190.      103133.      103081.    
  57.5000    |  102619.      102640.      102692.      102765.      102843.      102916.      102968.      103000.      103018.      103031.      103055.      103098.      103159.      103224.      103277.      103300.      103289.      103254.      103215.      103190.      103196.    
  60.0000    |  102726.      102733.      102761.      102803.      102851.      102893.      102925.      102951.      102975.      103009.      103059.      103124.      103197.      103258.      103292.      103290.      103256.      103206.      103168.      103159.
Jan 2007
               70.0000      72.5000      75.0000      77.5000      80.0000      82.5000      85.0000      87.5000      90.0000      92.5000      95.0000      97.5000     100.0000      102.500      105.000      107.500      110.000      112.500      115.000      117.500      120.000    
  40.0000    |  102856.      103056.      103254.      103400.      103451.      103422.      103383.      103395.      103468.      103545.      103570.      103537.      103492.      103482.      103501.      103507.      103462.      103367.      103249.      103123.      102989.    
  42.5000    |  102785.      102989.      103191.      103350.      103449.      103504.      103552.      103620.      103692.      103737.      103741.      103718.      103707.      103725.      103750.      103744.      103679.      103563.      103417.      103258.      103088.    
  45.0000    |  102737.      102902.      103062.      103202.      103329.      103459.      103602.      103740.      103846.      103894.      103891.      103866.      103855.      103864.      103868.      103839.      103759.      103636.      103487.      103321.      103136.    
  47.5000    |  102721.      102845.      102954.      103061.      103195.      103372.      103583.      103786.      103935.      104000.      103988.      103935.      103880.      103836.      103793.      103735.      103649.      103539.      103410.      103256.      103080.    
  50.0000    |  102603.      102712.      102795.      102884.      103015.      103206.      103438.      103667.      103835.      103911.      103898.      103831.      103748.      103673.      103610.      103550.      103481.      103396.      103292.      103161.      103003.    
  52.5000    |  102283.      102395.      102487.      102583.      102714.      102892.      103101.      103304.      103458.      103539.      103552.      103523.      103483.      103454.      103433.      103414.      103381.      103325.      103241.      103127.      102991.    
  55.0000    |  101830.      101957.      102073.      102193.      102328.      102484.      102648.      102802.      102925.      103011.      103068.      103112.      103160.      103213.      103264.      103297.      103297.      103256.      103179.      103077.      102961.    
  57.5000    |  101410.      101545.      101683.      101826.      101970.      102112.      102247.      102366.      102470.      102562.      102651.      102748.      102850.      102950.      103031.      103073.      103069.      103021.      102941.      102850.      102763.    
  60.0000    |  101084.      101215.      101359.      101513.      101668.      101816.      101954.      102076.      102188.      102292.      102394.      102495.      102590.      102667.      102713.      102716.      102680.      102613.      102534.      102464.      102415.    
Jan 2008
               70.0000      72.5000      75.0000      77.5000      80.0000      82.5000      85.0000      87.5000      90.0000      92.5000      95.0000      97.5000     100.0000      102.500      105.000      107.500      110.000      112.500      115.000      117.500      120.000    
  40.0000    |  102930.      102966.      103074.      103168.      103185.      103140.      103111.      103145.      103212.      103234.      103197.      103172.      103247.      103425.      103601.      103659.      103577.      103438.      103332.      103265.      103179.    
  42.5000    |  103066.      103121.      103244.      103376.      103464.      103506.      103542.      103598.      103661.      103703.      103718.      103748.      103828.      103938.      104008.      103974.      103848.      103692.      103569.      103468.      103347.    
  45.0000    |  103193.      103236.      103331.      103450.      103564.      103659.      103743.      103819.      103880.      103922.      103954.      104004.      104082.      104160.      104190.      104138.      104018.      103874.      103737.      103602.      103440.    
  47.5000    |  103402.      103432.      103478.      103548.      103638.      103744.      103857.      103960.      104038.      104084.      104109.      104134.      104164.      104185.      104172.      104107.      103996.      103859.      103706.      103533.      103330.    
  50.0000    |  103599.      103630.      103649.      103673.      103727.      103816.      103935.      104057.      104156.      104211.      104225.      104209.      104178.      104133.      104068.      103976.      103853.      103705.      103532.      103330.      103107.    
  52.5000    |  103594.      103640.      103660.      103673.      103703.      103766.      103861.      103966.      104056.      104113.      104128.      104108.      104066.      104008.      103935.      103841.      103723.      103575.      103402.      103206.      103000.    
  55.0000    |  103359.      103420.      103461.      103488.      103516.      103554.      103606.      103665.      103721.      103763.      103788.      103800.      103800.      103789.      103761.      103708.      103621.      103503.      103361.      103207.      103055.    
  57.5000    |  103049.      103117.      103181.      103234.      103278.      103313.      103342.      103369.      103393.      103420.      103448.      103480.      103510.      103531.      103531.      103502.      103439.      103349.      103245.      103142.      103052.    
  60.0000    |  102775.      102840.      102916.      102994.      103068.      103130.      103181.      103220.      103249.      103274.      103292.      103307.      103312.      103297.      103259.      103195.      103107.      103011.      102925.      102856.      102814.    
Jan 2009
               70.0000      72.5000      75.0000      77.5000      80.0000      82.5000      85.0000      87.5000      90.0000      92.5000      95.0000      97.5000     100.0000      102.500      105.000      107.500      110.000      112.500      115.000      117.500      120.000    
  40.0000    |  102510.      102596.      102714.      102835.      102917.      102941.      102942.      102969.      103040.      103120.      103164.      103168.      103171.      103212.      103282.      103327.      103296.      103188.      103041.      102902.      102785.    
  42.5000    |  102532.      102642.      102776.      102912.      103031.      103125.      103200.      103268.      103330.      103376.      103405.      103433.      103476.      103542.      103593.      103587.      103496.      103340.      103162.      102999.      102859.    
  45.0000    |  102627.      102731.      102841.      102960.      103090.      103231.      103368.      103484.      103561.      103597.      103610.      103625.      103659.      103698.      103705.      103651.      103528.      103364.      103192.      103038.      102894.    
  47.5000    |  102774.      102852.      102915.      102984.      103087.      103231.      103395.      103546.      103649.      103691.      103691.      103676.      103662.      103644.      103602.      103518.      103401.      103265.      103126.      102986.      102842.    
  50.0000    |  102842.      102900.      102932.      102967.      103038.      103160.      103316.      103468.      103577.      103625.      103621.      103586.      103541.      103493.      103436.      103365.      103282.      103187.      103078.      102953.      102806.    
  52.5000    |  102737.      102797.      102836.      102874.      102940.      103038.      103159.      103278.      103364.      103404.      103406.      103387.      103363.      103344.      103328.      103307.      103274.      103222.      103140.      103029.      102895.    
  55.0000    |  102511.      102585.      102649.      102714.      102783.      102861.      102940.      103007.      103054.      103082.      103098.      103118.      103148.      103189.      103233.      103267.      103278.      103260.      103208.      103129.      103031.    
  57.5000    |  102297.      102373.      102448.      102523.      102590.      102647.      102691.      102721.      102744.      102766.      102799.      102849.      102916.      102991.      103060.      103112.      103135.      103133.      103106.      103070.      103028.    
  60.0000    |  102123.      102182.      102245.      102308.      102365.      102413.      102451.      102482.      102514.      102552.      102600.      102660.      102723.      102782.      102825.      102848.      102852.      102843.      102834.      102834.      102849.    
Jan 2010
               70.0000      72.5000      75.0000      77.5000      80.0000      82.5000      85.0000      87.5000      90.0000      92.5000      95.0000      97.5000     100.0000      102.500      105.000      107.500      110.000      112.500      115.000      117.500      120.000    
  40.0000    |  102395.      102447.      102507.      102567.      102616.      102654.      102688.      102725.      102753.      102762.      102752.      102742.      102776.      102866.      102990.      103081.      103093.      103024.      102914.      102811.      102722.    
  42.5000    |  102397.      102471.      102568.      102680.      102802.      102923.      103032.      103105.      103129.      103111.      103089.      103112.      103203.      103340.      103457.      103490.      103415.      103267.      103101.      102955.      102829.    
  45.0000    |  102512.      102599.      102710.      102837.      102975.      103116.      103243.      103326.      103353.      103337.      103325.      103362.      103460.      103586.      103674.      103673.      103575.      103412.      103230.      103054.      102880.    
  47.5000    |  102743.      102830.      102919.      103004.      103092.      103186.      103281.      103357.      103403.      103418.      103430.      103464.      103525.      103592.      103626.      103599.      103505.      103359.      103180.      102976.      102755.    
  50.0000    |  103006.      103089.      103152.      103194.      103230.      103275.      103340.      103415.      103485.      103535.      103564.      103577.      103578.      103563.      103525.      103455.      103348.      103205.      103019.      102796.      102551.    
  52.5000    |  103179.      103264.      103328.      103366.      103391.      103423.      103473.      103543.      103616.      103673.      103699.      103689.      103643.      103575.      103486.      103385.      103265.      103118.      102938.      102728.      102509.    
  55.0000    |  103213.      103297.      103368.      103418.      103451.      103477.      103506.      103545.      103585.      103616.      103625.      103606.      103560.      103495.      103419.      103331.      103233.      103115.      102976.      102823.      102674.    
  57.5000    |  103162.      103228.      103287.      103329.      103350.      103356.      103351.      103346.      103341.      103338.      103332.      103321.      103300.      103272.      103235.      103188.      103128.      103056.      102975.      102892.      102820.    
  60.0000    |  103086.      103120.      103152.      103172.      103177.      103170.      103151.      103129.      103109.      103095.      103085.      103078.      103067.      103051.      103022.      102980.      102926.      102869.      102813.      102770.      102745.    
Jan 2011
               70.0000      72.5000      75.0000      77.5000      80.0000      82.5000      85.0000      87.5000      90.0000      92.5000      95.0000      97.5000     100.0000      102.500      105.000      107.500      110.000      112.500      115.000      117.500      120.000    
  40.0000    |  102524.      102618.      102793.      103024.      103232.      103359.      103394.      103379.      103354.      103340.      103347.      103397.      103521.      103711.      103900.      103993.      103938.      103762.      103544.      103341.      103167.    
  42.5000    |  102642.      102763.      102967.      103226.      103481.      103680.      103806.      103870.      103900.      103921.      103953.      104016.      104124.      104256.      104353.      104352.      104228.      104008.      103752.      103509.      103294.    
  45.0000    |  102894.      103028.      103218.      103444.      103675.      103888.      104067.      104208.      104319.      104399.      104453.      104492.      104525.      104543.      104524.      104441.      104286.      104074.      103836.      103592.      103354.    
  47.5000    |  103262.      103392.      103524.      103657.      103797.      103956.      104139.      104338.      104525.      104669.      104744.      104743.      104681.      104580.      104454.      104312.      104148.      103959.      103741.      103490.      103218.    
  50.0000    |  103566.      103675.      103744.      103785.      103832.      103922.      104080.      104292.      104521.      104703.      104794.      104779.      104673.      104516.      104348.      104185.      104023.      103841.      103613.      103339.      103033.    
  52.5000    |  103636.      103730.      103776.      103783.      103791.      103839.      103956.      104130.      104331.      104501.      104597.      104603.      104531.      104418.      104295.      104172.      104039.      103870.      103646.      103371.      103070.    
  55.0000    |  103495.      103595.      103659.      103692.      103712.      103748.      103817.      103920.      104041.      104150.      104228.      104263.      104265.      104245.      104216.      104173.      104101.      103981.      103803.      103582.      103346.    
  57.5000    |  103285.      103399.      103494.      103569.      103620.      103659.      103696.      103735.      103777.      103823.      103867.      103910.      103953.      103995.      104028.      104042.      104019.      103952.      103841.      103701.      103554.    
  60.0000    |  103064.      103181.      103293.      103393.      103473.      103532.      103571.      103596.      103616.      103635.      103657.      103686.      103717.      103750.      103770.      103769.      103741.      103686.      103610.      103528.      103451.    
Jan 2012
               70.0000      72.5000      75.0000      77.5000      80.0000      82.5000      85.0000      87.5000      90.0000      92.5000      95.0000      97.5000     100.0000      102.500      105.000      107.500      110.000      112.500      115.000      117.500      120.000    
  40.0000    |  102480.      102686.      102941.      103140.      103190.      103095.      102960.      102900.      102954.      103061.      103131.      103133.      103118.      103142.      103214.      103278.      103282.      103224.      103141.      103062.      102983.    
  42.5000    |  102570.      102767.      103014.      103223.      103322.      103308.      103244.      103210.      103231.      103287.      103344.      103394.      103460.      103550.      103638.      103670.      103618.      103499.      103362.      103241.      103133.    
  45.0000    |  102810.      102932.      103096.      103258.      103376.      103446.      103489.      103531.      103583.      103637.      103694.      103759.      103841.      103923.      103968.      103939.      103827.      103667.      103505.      103365.      103243.    
  47.5000    |  103225.      103265.      103324.      103397.      103482.      103583.      103696.      103815.      103923.      104005.      104058.      104089.      104104.      104092.      104036.      103925.      103772.      103604.      103452.      103323.      103199.    
  50.0000    |  103612.      103613.      103603.      103599.      103625.      103695.      103805.      103939.      104068.      104161.      104201.      104187.      104123.      104019.      103882.      103727.      103573.      103438.      103319.      103207.      103089.    
  52.5000    |  103735.      103739.      103717.      103685.      103665.      103683.      103740.      103831.      103930.      104006.      104037.      104015.      103940.      103828.      103700.      103577.      103472.      103388.      103310.      103225.      103117.    
  55.0000    |  103591.      103612.      103610.      103589.      103563.      103546.      103554.      103590.      103642.      103695.      103730.      103734.      103707.      103658.      103601.      103550.      103510.      103477.      103436.      103376.      103288.    
  57.5000    |  103397.      103417.      103432.      103433.      103422.      103409.      103402.      103411.      103438.      103472.      103509.      103535.      103548.      103547.      103540.      103529.      103520.      103506.      103482.      103442.      103383.    
  60.0000    |  103285.      103294.      103305.      103317.      103326.      103334.      103348.      103369.      103397.      103430.      103459.      103479.      103486.      103477.      103456.      103429.      103399.      103369.      103338.      103306.      103272.    
Jan 2013
               70.0000      72.5000      75.0000      77.5000      80.0000      82.5000      85.0000      87.5000      90.0000      92.5000      95.0000      97.5000     100.0000      102.500      105.000      107.500      110.000      112.500      115.000      117.500      120.000    
  40.0000    |  102493.      102701.      102861.      102933.      102905.      102813.      102727.      102710.      102765.      102842.      102874.      102850.      102815.      102827.      102895.      102966.      102987.      102948.      102885.      102834.      102796.    
  42.5000    |  102310.      102544.      102752.      102885.      102923.      102900.      102867.      102862.      102890.      102927.      102953.      102977.      103024.      103100.      103179.      103209.      103162.      103067.      102968.      102900.      102857.    
  45.0000    |  102212.      102400.      102587.      102739.      102843.      102916.      102978.      103038.      103088.      103122.      103144.      103174.      103225.      103289.      103326.      103308.      103229.      103123.      103028.      102963.      102909.    
  47.5000    |  102243.      102363.      102482.      102592.      102706.      102834.      102977.      103119.      103232.      103299.      103323.      103324.      103321.      103315.      103294.      103248.      103183.      103112.      103048.      102983.      102900.    
  50.0000    |  102250.      102324.      102382.      102440.      102523.      102651.      102820.      103006.      103168.      103274.      103316.      103306.      103268.      103222.      103179.      103143.      103117.      103091.      103053.      102983.      102870.    
  52.5000    |  102082.      102147.      102193.      102236.      102298.      102400.      102546.      102715.      102877.      103003.      103078.      103107.      103108.      103098.      103093.      103100.      103110.      103112.      103084.      103015.      102905.    
  55.0000    |  101770.      101850.      101924.      101994.      102064.      102149.      102254.      102376.      102505.      102629.      102737.      102830.      102909.      102977.      103038.      103085.      103117.      103123.      103100.      103050.      102986.    
  57.5000    |  101473.      101566.      101671.      101777.      101873.      101960.      102043.      102129.      102226.      102336.      102460.      102592.      102723.      102841.      102934.      102995.      103021.      103022.      103005.      102990.      102986.    
  60.0000    |  101280.      101374.      101492.      101618.      101737.      101843.      101935.      102021.      102110.      102213.      102331.      102459.      102584.      102692.      102769.      102811.      102820.      102814.      102808.      102821.      102860.   
Jan 2014
               70.0000      72.5000      75.0000      77.5000      80.0000      82.5000      85.0000      87.5000      90.0000      92.5000      95.0000      97.5000     100.0000      102.500      105.000      107.500      110.000      112.500      115.000      117.500      120.000    
  40.0000    |  102586.      102652.      102725.      102776.      102778.      102743.      102717.      102740.      102803.      102848.      102826.      102750.      102692.      102703.      102769.      102823.      102815.      102747.      102670.      102624.      102605.    
  42.5000    |  102588.      102685.      102799.      102888.      102930.      102933.      102925.      102926.      102933.      102925.      102898.      102878.      102896.      102960.      103022.      103025.      102948.      102825.      102713.      102650.      102625.    
  45.0000    |  102661.      102760.      102873.      102973.      103043.      103089.      103123.      103147.      103155.      103141.      103118.      103109.      103129.      103160.      103164.      103106.      102991.      102855.      102747.      102682.      102642.    
  47.5000    |  102763.      102838.      102909.      102970.      103031.      103106.      103195.      103282.      103342.      103362.      103342.      103300.      103251.      103198.      103127.      103031.      102923.      102821.      102739.      102670.      102599.    
  50.0000    |  102750.      102794.      102818.      102841.      102886.      102975.      103102.      103239.      103346.      103392.      103365.      103284.      103175.      103062.      102959.      102873.      102805.      102748.      102693.      102623.      102527.    
  52.5000    |  102535.      102565.      102579.      102598.      102648.      102739.      102865.      102997.      103097.      103138.      103109.      103030.      102930.      102839.      102771.      102731.      102709.      102686.      102650.      102590.      102509.    
  55.0000    |  102198.      102228.      102261.      102304.      102364.      102444.      102533.      102616.      102673.      102695.      102686.      102659.      102635.      102622.      102626.      102635.      102639.      102630.      102606.      102574.      102548.    
  57.5000    |  101912.      101935.      101978.      102030.      102088.      102143.      102190.      102224.      102250.      102273.      102302.      102344.      102399.      102460.      102513.      102543.      102546.      102530.      102511.      102511.      102544.    
  60.0000    |  101770.      101773.      101798.      101834.      101874.      101908.      101936.      101960.      101991.      102037.      102104.      102190.      102280.      102361.      102412.      102426.      102407.      102374.      102356.      102376.      102445.    
Jan 2015
               70.0000      72.5000      75.0000      77.5000      80.0000      82.5000      85.0000      87.5000      90.0000      92.5000      95.0000      97.5000     100.0000      102.500      105.000      107.500      110.000      112.500      115.000      117.500      120.000    
  40.0000    |  102470.      102554.      102656.      102733.      102745.      102693.      102629.      102619.      102685.      102785.      102853.      102858.      102836.      102844.      102900.      102968.      102996.      102964.      102892.      102816.      102745.    
  42.5000    |  102489.      102591.      102724.      102846.      102914.      102915.      102874.      102833.      102826.      102853.      102898.      102949.      103006.      103070.      103127.      103147.      103113.      103037.      102947.      102868.      102801.    
  45.0000    |  102559.      102652.      102777.      102907.      103019.      103089.      103118.      103120.      103113.      103115.      103132.      103167.      103210.      103248.      103256.      103222.      103152.      103065.      102981.      102910.      102840.    
  47.5000    |  102670.      102726.      102791.      102868.      102958.      103057.      103155.      103238.      103298.      103334.      103349.      103348.      103331.      103298.      103247.      103182.      103112.      103043.      102976.      102902.      102807.    
  50.0000    |  102677.      102704.      102717.      102738.      102791.      102886.      103017.      103157.      103278.      103355.      103377.      103350.      103287.      103209.      103134.      103074.      103029.      102990.      102935.      102847.      102726.    
  52.5000    |  102445.      102475.      102490.      102511.      102558.      102646.      102770.      102909.      103030.      103108.      103129.      103100.      103043.      102982.      102938.      102917.      102910.      102896.      102854.      102772.      102659.    
  55.0000    |  102005.      102053.      102100.      102153.      102218.      102301.      102395.      102488.      102567.      102619.      102640.      102642.      102637.      102640.      102657.      102686.      102711.      102718.      102695.      102646.      102587.    
  57.5000    |  101540.      101585.      101647.      101718.      101792.      101865.      101931.      101988.      102038.      102080.      102120.      102168.      102222.      102285.      102347.      102400.      102433.      102442.      102436.      102428.      102433.    
  60.0000    |  101197.      101224.      101275.      101340.      101412.      101483.      101549.      101610.      101671.      101736.      101808.      101888.      101972.      102049.      102107.      102140.      102148.      102140.      102133.      102148.      102196.    
Jan 2016
               70.0000      72.5000      75.0000      77.5000      80.0000      82.5000      85.0000      87.5000      90.0000      92.5000      95.0000      97.5000     100.0000      102.500      105.000      107.500      110.000      112.500      115.000      117.500      120.000    
  40.0000    |  102318.      102435.      102567.      102699.      102796.      102844.      102861.      102880.      102927.      102990.      103050.      103118.      103220.      103370.      103523.      103601.      103552.      103396.      103204.      103038.      102907.    
  42.5000    |  102312.      102462.      102634.      102807.      102955.      103067.      103141.      103193.      103239.      103298.      103385.      103518.      103696.      103881.      104007.      104007.      103872.      103651.      103420.      103229.      103080.    
  45.0000    |  102378.      102526.      102690.      102860.      103033.      103207.      103377.      103536.      103676.      103804.      103928.      104057.      104184.      104273.      104280.      104180.      103989.      103760.      103545.      103364.      103201.    
  47.5000    |  102569.      102693.      102815.      102940.      103088.      103282.      103520.      103786.      104043.      104255.      104403.      104479.      104485.      104420.      104288.      104103.      103891.      103682.      103490.      103305.      103110.    
  50.0000    |  102825.      102935.      103021.      103099.      103204.      103374.      103620.      103918.      104220.      104465.      104610.      104636.      104557.      104397.      104195.      103977.      103764.      103562.      103358.      103140.      102899.    
  52.5000    |  103032.      103153.      103238.      103303.      103382.      103508.      103699.      103941.      104192.      104400.      104523.      104540.      104465.      104323.      104147.      103960.      103766.      103563.      103338.      103087.      102827.    
  55.0000    |  103136.      103282.      103395.      103482.      103555.      103641.      103754.      103893.      104039.      104170.      104258.      104292.      104273.      104209.      104112.      103986.      103827.      103634.      103412.      103174.      102942.    
  57.5000    |  103179.      103343.      103487.      103602.      103687.      103753.      103808.      103861.      103914.      103966.      104009.      104039.      104048.      104030.      103979.      103885.      103747.      103573.      103375.      103179.      103010.    
  60.0000    |  103192.      103361.      103520.      103657.      103763.      103836.      103880.      103904.      103912.      103913.      103909.      103899.      103875.      103830.      103751.      103634.      103481.      103305.      103128.      102972.      102851.    
Jan 2017
               70.0000      72.5000      75.0000      77.5000      80.0000      82.5000      85.0000      87.5000      90.0000      92.5000      95.0000      97.5000     100.0000      102.500      105.000      107.500      110.000      112.500      115.000      117.500      120.000    
  40.0000    |  102530.      102680.      102868.      103007.      103028.      102947.      102862.      102864.      102963.      103078.      103114.      103057.      102976.      102951.      102997.      103056.      103065.      103014.      102941.      102883.      102830.    
  42.5000    |  102563.      102723.      102916.      103076.      103149.      103138.      103097.      103088.      103127.      103185.      103225.      103244.      103266.      103310.      103357.      103360.      103299.      103189.      103073.      102975.      102891.    
  45.0000    |  102632.      102753.      102894.      103026.      103127.      103195.      103247.      103300.      103357.      103405.      103444.      103482.      103526.      103571.      103594.      103565.      103478.      103350.      103214.      103081.      102949.    
  47.5000    |  102712.      102784.      102852.      102926.      103018.      103137.      103278.      103424.      103545.      103624.      103658.      103662.      103657.      103647.      103628.      103585.      103513.      103408.      103275.      103116.      102933.    
  50.0000    |  102676.      102728.      102757.      102792.      102867.      103000.      103180.      103376.      103543.      103645.      103675.      103650.      103598.      103545.      103505.      103473.      103435.      103367.      103254.      103086.      102872.    
  52.5000    |  102428.      102490.      102530.      102574.      102646.      102766.      102928.      103107.      103263.      103365.      103407.      103398.      103368.      103342.      103333.      103338.      103334.      103298.      103208.      103057.      102862.    
  55.0000    |  102037.      102110.      102181.      102251.      102332.      102434.      102551.      102677.      102793.      102888.      102957.      103008.      103053.      103100.      103150.      103194.      103214.      103193.      103124.      103013.      102880.    
  57.5000    |  101675.      101743.      101827.      101917.      102008.      102098.      102188.      102276.      102367.      102461.      102557.      102660.      102762.      102858.      102937.      102984.      102994.      102967.      102911.      102846.      102785.    
  60.0000    |  101447.      101503.      101584.      101679.      101780.      101879.      101973.      102065.      102160.      102259.      102366.      102475.      102574.      102651.      102696.      102702.      102672.      102622.      102568.      102533.      102527.    
Jan 2018
               70.0000      72.5000      75.0000      77.5000      80.0000      82.5000      85.0000      87.5000      90.0000      92.5000      95.0000      97.5000     100.0000      102.500      105.000      107.500      110.000      112.500      115.000      117.500      120.000    
  40.0000    |  102278.      102344.      102472.      102619.      102731.      102781.      102792.      102802.      102837.      102886.      102930.      102969.      103028.      103114.      103201.      103236.      103189.      103079.      102952.      102836.      102736.    
  42.5000    |  102499.      102613.      102790.      102987.      103151.      103256.      103303.      103326.      103348.      103384.      103432.      103487.      103546.      103590.      103597.      103543.      103430.      103277.      103118.      102967.      102830.    
  45.0000    |  102897.      103033.      103203.      103380.      103532.      103640.      103709.      103754.      103793.      103834.      103875.      103905.      103909.      103879.      103805.      103691.      103547.      103386.      103218.      103047.      102876.    
  47.5000    |  103362.      103475.      103584.      103680.      103762.      103840.      103922.      104011.      104101.      104171.      104201.      104177.      104094.      103966.      103812.      103649.      103489.      103327.      103153.      102957.      102747.    
  50.0000    |  103664.      103737.      103783.      103809.      103835.      103888.      103981.      104105.      104234.      104326.      104347.      104278.      104136.      103944.      103741.      103548.      103373.      103198.      103003.      102780.      102543.    
  52.5000    |  103665.      103719.      103747.      103757.      103772.      103816.      103901.      104013.      104129.      104208.      104220.      104153.      104019.      103845.      103663.      103485.      103315.      103135.      102932.      102710.      102489.    
  55.0000    |  103434.      103489.      103530.      103559.      103584.      103615.      103662.      103720.      103775.      103815.      103820.      103788.      103718.      103625.      103515.      103393.      103257.      103101.      102928.      102755.      102598.    
  57.5000    |  103147.      103200.      103248.      103288.      103313.      103328.      103334.      103336.      103337.      103338.      103339.      103335.      103321.      103292.      103242.      103165.      103063.      102942.      102820.      102714.      102639.    
  60.0000    |  102910.      102946.      102984.      103021.      103044.      103053.      103052.      103039.      103026.      103018.      103013.      103012.      103004.      102978.      102926.      102845.      102744.      102636.      102544.      102482.      102463.    
Jan 2019
               70.0000      72.5000      75.0000      77.5000      80.0000      82.5000      85.0000      87.5000      90.0000      92.5000      95.0000      97.5000     100.0000      102.500      105.000      107.500      110.000      112.500      115.000      117.500      120.000    
  40.0000    |  102323.      102576.      102804.      102947.      102984.      102952.      102925.      102962.      103067.      103180.      103237.      103222.      103194.      103218.      103296.      103365.      103357.      103259.      103118.      102988.      102882.    
  42.5000    |  102241.      102475.      102721.      102924.      103058.      103128.      103172.      103222.      103285.      103347.      103390.      103420.      103461.      103523.      103585.      103596.      103527.      103381.      103203.      103034.      102889.    
  45.0000    |  102326.      102493.      102683.      102872.      103047.      103205.      103351.      103483.      103591.      103665.      103703.      103714.      103717.      103713.      103690.      103627.      103515.      103361.      103186.      103008.      102841.    
  47.5000    |  102560.      102660.      102760.      102873.      103012.      103193.      103406.      103631.      103824.      103949.      103990.      103950.      103855.      103733.      103604.      103477.      103348.      103212.      103059.      102887.      102701.    
  50.0000    |  102747.      102819.      102866.      102914.      102996.      103145.      103358.      103605.      103832.      103979.      104016.      103940.      103783.      103598.      103421.      103278.      103164.      103056.      102927.      102762.      102566.    
  52.5000    |  102686.      102771.      102822.      102862.      102918.      103022.      103180.      103369.      103544.      103659.      103682.      103615.      103487.      103342.      103214.      103121.      103052.      102977.      102872.      102724.      102549.    
  55.0000    |  102377.      102470.      102548.      102611.      102673.      102748.      102841.      102944.      103037.      103100.      103120.      103100.      103058.      103016.      102987.      102970.      102950.      102908.      102833.      102724.      102603.    
  57.5000    |  101994.      102072.      102152.      102227.      102296.      102360.      102417.      102469.      102513.      102550.      102580.      102609.      102639.      102675.      102710.      102733.      102735.      102708.      102658.      102597.      102546.    
  60.0000    |  101691.      101738.      101798.      101864.      101930.      101992.      102048.      102096.      102139.      102180. 
Jan 2020
               70.0000      72.5000      75.0000      77.5000      80.0000      82.5000      85.0000      87.5000      90.0000      92.5000      95.0000      97.5000     100.0000      102.500      105.000      107.500      110.000      112.500      115.000      117.500      120.000    
  40.0000    |  102529.      102652.      102775.      102833.      102797.      102687.      102582.      102558.      102632.      102747.      102822.      102817.      102772.      102762.      102826.      102934.      103016.      103019.      102943.      102830.      102717.    
  42.5000    |  102491.      102622.      102768.      102881.      102929.      102915.      102870.      102834.      102830.      102848.      102874.      102902.      102949.      103028.      103133.      103225.      103263.      103224.      103120.      102991.      102864.    
  45.0000    |  102478.      102585.      102713.      102838.      102951.      103041.      103105.      103143.      103155.      103152.      103147.      103160.      103202.      103267.      103334.      103375.      103367.      103303.      103196.      103064.      102932.    
  47.5000    |  102443.      102531.      102616.      102709.      102825.      102970.      103129.      103273.      103375.      103424.      103426.      103401.      103370.      103347.      103330.      103310.      103275.      103217.      103130.      103018.      102888.    
  50.0000    |  102274.      102368.      102437.      102503.      102601.      102754.      102953.      103164.      103344.      103450.      103473.      103428.      103342.      103252.      103180.      103136.      103110.      103083.      103033.      102946.      102828.    
  52.5000    |  101922.      102037.      102127.      102205.      102301.      102444.      102631.      102839.      103025.      103151.      103195.      103170.      103102.      103032.      102984.      102972.      102981.      102987.      102965.      102899.      102799.    
  55.0000    |  101468.      101583.      101692.      101793.      101902.      102029.      102180.      102340.      102488.      102600.      102666.      102694.      102700.      102710.      102734.      102773.      102813.      102830.      102810.      102753.      102673.    
  57.5000    |  101044.      101129.      101223.      101327.      101435.      101547.      101665.      101783.      101893.      101993.      102079.      102154.      102228.      102305.      102378.      102438.      102474.      102476.      102445.      102395.      102343.    
  60.0000    |  100714.      100759.      100828.      100913.      101012.      101115.      101221.      101325.      101426.      101525.      101618.      101712.      101802.      101884.      101949.      101988.      101999.      101985.      101956.      101931.      101929.    